['sol120', 480.0, 0.0, 1]
['sol132', 528.0, 0.0, 1]
['sol121', 480.0, 48.0, 1]
['sol133', 528.0, 48.0, 1]
['sol122', 480.0, 96.0, 1]
['sol134', 528.0, 96.0, 1]
['sol123', 480.0, 144.0, 1]
['sol135', 528.0, 144.0, 1]
['sol136', 528.0, 192.0, 1]
['sol125', 480.0, 240.0, 1]
['sol137', 528.0, 240.0, 1]
['sol126', 480.0, 288.0, 1]
['sol138', 528.0, 288.0, 1]
['sol127', 480.0, 336.0, 1]
['sol139', 528.0, 336.0, 1]
['sol140', 528.0, 384.0, 1]
['sol129', 480.0, 432.0, 1]
['sol141', 528.0, 432.0, 1]
['sol128', 480.0, 384.0, 1]
['sol124', 480.0, 192.0, 1]
['sol130', 480.0, 480.0, 1]
['sol142', 528.0, 480.0, 1]
['sol131', 480.0, 528.0, 1]
['sol143', 528.0, 528.0, 1]
['sol155', 576.0, 528.0, 1]
['sol167', 624.0, 528.0, 1]
['sol154', 576.0, 480.0, 1]
['sol166', 624.0, 480.0, 1]
['sol153', 576.0, 432.0, 1]
['sol165', 624.0, 432.0, 1]
['sol152', 576.0, 384.0, 1]
['sol164', 624.0, 384.0, 1]
['sol151', 576.0, 336.0, 1]
['sol163', 624.0, 336.0, 1]
['sol150', 576.0, 288.0, 1]
['sol162', 624.0, 288.0, 1]
['sol149', 576.0, 240.0, 1]
['sol161', 624.0, 240.0, 1]
['sol148', 576.0, 192.0, 1]
['sol160', 624.0, 192.0, 1]
['sol147', 576.0, 144.0, 1]
['sol159', 624.0, 144.0, 1]
['sol146', 576.0, 96.0, 1]
['sol158', 624.0, 96.0, 1]
['sol145', 576.0, 48.0, 1]
['sol157', 624.0, 48.0, 1]
['sol144', 576.0, 0.0, 1]
['sol156', 624.0, 0.0, 1]
['sol189', 720.0, 432.0, 1]
['sol178', 672.0, 480.0, 1]
['sol179', 672.0, 528.0, 1]
['sol191', 720.0, 528.0, 1]
['sol190', 720.0, 480.0, 1]
['sol177', 672.0, 432.0, 1]
['n2_sol15', 768.0, 720.0, 1]
['n2_sol31', 816.0, 720.0, 1]
['n2_sol31', 768.0, 720.0, 1]
['n2_sol31', 768.0, 672.0, 1]
['n2_sol30', 816.0, 672.0, 1]
['n2_sol46', 864.0, 672.0, 1]
['n2_sol47', 864.0, 720.0, 1]
['n2_sol94', 1008.0, 672.0, 1]
['n2_sol94', 1008.0, 720.0, 1]
['n2_sol111', 1056.0, 720.0, 1]
['n2_sol110', 1056.0, 672.0, 1]
['n2_sol126', 1104.0, 672.0, 1]
['n2_sol127', 1104.0, 720.0, 1]
['n3_sol0', 1152.0, 0.0, 1]
['n3_sol1', 1152.0, 48.0, 1]
['n3_sol1', 1152.0, 96.0, 1]
['n3_sol14', 1200.0, 96.0, 1]
['n3_sol13', 1200.0, 48.0, 1]
['n3_sol12', 1200.0, 0.0, 1]
['n3_sol24', 1248.0, 0.0, 1]
['n3_sol25', 1248.0, 48.0, 1]
['n3_sol26', 1248.0, 96.0, 1]
['n3_sol38', 1296.0, 96.0, 1]
['n3_sol37', 1296.0, 48.0, 1]
['n3_sol36', 1296.0, 0.0, 1]
['n3_sol48', 1344.0, 0.0, 1]
['n3_sol60', 1392.0, 0.0, 1]
['n3_sol61', 1392.0, 48.0, 1]
['n3_sol49', 1344.0, 48.0, 1]
['n3_sol50', 1344.0, 96.0, 1]
['n3_sol62', 1392.0, 96.0, 1]
['n3_sol78', 1440.0, 288.0, 1]
['n3_sol79', 1440.0, 336.0, 1]
['n3_sol80', 1440.0, 384.0, 1]
['n3_sol92', 1488.0, 384.0, 1]
['n3_sol91', 1488.0, 336.0, 1]
['n3_sol90', 1488.0, 288.0, 1]
['n3_sol81', 1440.0, 432.0, 1]
['n3_sol93', 1488.0, 432.0, 1]
['n3_sol82', 1440.0, 480.0, 1]
['n3_sol94', 1488.0, 480.0, 1]
['n3_sol95', 1488.0, 528.0, 1]
['n3_sol83', 1440.0, 528.0, 1]
['n3_sol71', 1392.0, 528.0, 1]
['n3_sol59', 1344.0, 528.0, 1]
['n3_sol58', 1344.0, 480.0, 1]
['n3_sol70', 1392.0, 480.0, 1]
['n3_sol69', 1392.0, 432.0, 1]
['n3_sol57', 1344.0, 432.0, 1]
['n3_sol45', 1296.0, 432.0, 1]
['n3_sol33', 1248.0, 432.0, 1]
['n3_sol9', 1152.0, 432.0, 1]
['n3_sol21', 1200.0, 432.0, 1]
['n3_sol10', 1152.0, 480.0, 1]
['n3_sol22', 1200.0, 480.0, 1]
['n3_sol11', 1152.0, 528.0, 1]
['n3_sol23', 1200.0, 528.0, 1]
['n3_sol35', 1248.0, 528.0, 1]
['n3_sol47', 1296.0, 528.0, 1]
['n3_sol46', 1296.0, 480.0, 1]
['n3_sol34', 1248.0, 480.0, 1]
['n3_sol8', 1152.0, 384.0, 1]
['n3_sol20', 1200.0, 384.0, 1]
['n3_sol32', 1248.0, 384.0, 1]
['n3_sol44', 1296.0, 384.0, 1]
['n3_sol56', 1344.0, 384.0, 1]
['n3_sol68', 1392.0, 384.0, 1]
['n3_sol67', 1392.0, 336.0, 1]
['n3_sol55', 1344.0, 336.0, 1]
['n3_sol43', 1296.0, 336.0, 1]
['n3_sol31', 1248.0, 336.0, 1]
['n3_sol19', 1200.0, 336.0, 1]
['n3_sol7', 1152.0, 336.0, 1]
['n3_sol6', 1152.0, 288.0, 1]
['n3_sol18', 1200.0, 288.0, 1]
['n3_sol30', 1248.0, 288.0, 1]
['n3_sol42', 1296.0, 288.0, 1]
['n3_sol54', 1344.0, 288.0, 1]
['n3_sol66', 1392.0, 288.0, 1]
['n3_sol96', 1536.0, 0.0, 1]
['n3_sol96', 1536.0, 48.0, 1]
['n3_sol98', 1536.0, 96.0, 1]
['n3_sol110', 1584.0, 96.0, 1]
['n3_sol109', 1584.0, 48.0, 1]
['n3_sol108', 1584.0, 0.0, 1]
['n3_sol120', 1632.0, 0.0, 1]
['n3_sol132', 1680.0, 0.0, 1]
['n3_sol144', 1728.0, 0.0, 1]
['n3_sol156', 1776.0, 0.0, 1]
['n3_sol157', 1776.0, 48.0, 1]
['n3_sol145', 1728.0, 48.0, 1]
['n3_sol133', 1680.0, 48.0, 1]
['n3_sol121', 1632.0, 48.0, 1]
['n3_sol121', 1632.0, 96.0, 1]
['n3_sol134', 1680.0, 96.0, 1]
['n3_sol146', 1728.0, 96.0, 1]
['n3_sol158', 1776.0, 96.0, 1]
['n3_sol159', 1776.0, 144.0, 1]
['n3_sol159', 1776.0, 192.0, 1]
['n3_sol161', 1776.0, 240.0, 1]
['n3_sol149', 1728.0, 240.0, 1]
['n3_sol148', 1728.0, 192.0, 1]
['n3_sol147', 1728.0, 144.0, 1]
['n3_sol135', 1680.0, 144.0, 1]
['n3_sol123', 1632.0, 144.0, 1]
['n3_sol111', 1584.0, 144.0, 1]
['n3_sol99', 1536.0, 144.0, 1]
['n3_sol100', 1536.0, 192.0, 1]
['n3_sol100', 1536.0, 240.0, 1]
['n3_sol124', 1632.0, 192.0, 1]
['n3_sol136', 1680.0, 192.0, 1]
['n3_sol112', 1584.0, 192.0, 1]
['n3_sol113', 1584.0, 240.0, 1]
['n3_sol125', 1632.0, 240.0, 1]
['n3_sol137', 1680.0, 240.0, 1]
['n3_sol102', 1536.0, 288.0, 1]
['n3_sol103', 1536.0, 336.0, 1]
['n3_sol104', 1536.0, 384.0, 1]
['n3_sol116', 1584.0, 384.0, 1]
['n3_sol116', 1584.0, 336.0, 1]
['n3_sol114', 1584.0, 288.0, 1]
['n3_sol126', 1632.0, 288.0, 1]
['n3_sol127', 1632.0, 336.0, 1]
['n3_sol127', 1632.0, 384.0, 1]
['n3_sol140', 1680.0, 384.0, 1]
['n3_sol139', 1680.0, 336.0, 1]
['n3_sol138', 1680.0, 288.0, 1]
['n3_sol138', 1728.0, 288.0, 1]
['n3_sol138', 1776.0, 288.0, 1]
['n3_sol163', 1776.0, 336.0, 1]
['n3_sol151', 1728.0, 336.0, 1]
['n3_sol151', 1728.0, 384.0, 1]
['n3_sol164', 1776.0, 384.0, 1]
['n3_sol105', 1536.0, 432.0, 1]
['n3_sol117', 1584.0, 432.0, 1]
['n3_sol129', 1632.0, 432.0, 1]
['n3_sol129', 1680.0, 432.0, 1]
['n3_sol153', 1728.0, 432.0, 1]
['n3_sol165', 1776.0, 432.0, 1]
['n3_sol166', 1776.0, 480.0, 1]
['n3_sol154', 1728.0, 480.0, 1]
['n3_sol142', 1680.0, 480.0, 1]
['n3_sol130', 1632.0, 480.0, 1]
['n3_sol118', 1584.0, 480.0, 1]
['n3_sol106', 1536.0, 480.0, 1]
['n3_sol106', 1536.0, 528.0, 1]
['n3_sol119', 1584.0, 528.0, 1]
['n3_sol131', 1632.0, 528.0, 1]
['n3_sol143', 1680.0, 528.0, 1]
['n3_sol155', 1728.0, 528.0, 1]
['n3_sol167', 1776.0, 528.0, 1]
['n5_sol170', 3264.0, 240.0, 1]
['n5_sol171', 3264.0, 288.0, 1]
['n5_sol172', 3264.0, 336.0, 1]
['n5_sol172', 3264.0, 384.0, 1]
['n5_sol174', 3264.0, 432.0, 1]
['n5_sol159', 3216.0, 432.0, 1]
['n5_sol158', 3216.0, 384.0, 1]
['n5_sol157', 3216.0, 336.0, 1]
['n5_sol156', 3216.0, 288.0, 1]
['n5_sol155', 3216.0, 240.0, 1]
['n5_sol200', 3360.0, 240.0, 1]
['n5_sol185', 3312.0, 240.0, 1]
['n5_sol186', 3312.0, 288.0, 1]
['n5_sol201', 3360.0, 288.0, 1]
['n5_sol202', 3360.0, 336.0, 1]
['n5_sol187', 3312.0, 336.0, 1]
['n5_sol188', 3312.0, 384.0, 1]
['n5_sol189', 3312.0, 432.0, 1]
['n5_sol204', 3360.0, 432.0, 1]
['n5_sol203', 3360.0, 384.0, 1]
['n17_sol143', 11616.0, 384.0, 1]
['n17_sol144', 11616.0, 432.0, 1]
['n17_sol144', 11568.0, 432.0, 1]
['n17_sol128', 11568.0, 384.0, 1]
['n11_sol168', 7488.0, 144.0, 1]
['n11_sol169', 7488.0, 192.0, 1]
['n11_sol154', 7440.0, 192.0, 1]
['n11_sol153', 7440.0, 144.0, 1]
['n33_sol437', 23808.0, 240.0, 1]
['n33_sol436', 23808.0, 192.0, 1]
['n33_sol435', 23808.0, 144.0, 1]
['n33_sol434', 23808.0, 96.0, 1]
['n33_sol433', 23808.0, 48.0, 1]
['n33_sol432', 23808.0, 0.0, 1]
['n33_sol480', 23856.0, 0.0, 1]
['n33_sol528', 23904.0, 0.0, 1]
['n33_sol529', 23904.0, 48.0, 1]
['n33_sol481', 23856.0, 48.0, 1]
['n33_sol482', 23856.0, 96.0, 1]
['n33_sol530', 23904.0, 96.0, 1]
['n33_sol531', 23904.0, 144.0, 1]
['n33_sol483', 23856.0, 144.0, 1]
['n33_sol484', 23856.0, 192.0, 1]
['n33_sol532', 23904.0, 192.0, 1]
['n33_sol533', 23904.0, 240.0, 1]
['n33_sol485', 23856.0, 240.0, 1]
['n8_sol134', 5040.0, 288.0, 1]
['n8_sol150', 5088.0, 288.0, 1]
['n8_sol166', 5136.0, 288.0, 1]
['n8_sol182', 5184.0, 288.0, 1]
['n8_sol198', 5232.0, 288.0, 1]
['n8_sol214', 5280.0, 288.0, 1]
['n8_sol230', 5328.0, 288.0, 1]
['n8_sol246', 5376.0, 288.0, 1]
['n8_sol247', 5376.0, 336.0, 1]
['n8_sol231', 5328.0, 336.0, 1]
['n8_sol215', 5280.0, 336.0, 1]
['n8_sol199', 5232.0, 336.0, 1]
['n8_sol183', 5184.0, 336.0, 1]
['n8_sol167', 5136.0, 336.0, 1]
['n8_sol151', 5088.0, 336.0, 1]
['n8_sol135', 5040.0, 336.0, 1]
['n8_sol136', 5040.0, 384.0, 1]
['n8_sol152', 5088.0, 384.0, 1]
['n8_sol168', 5136.0, 384.0, 1]
['n8_sol184', 5184.0, 384.0, 1]
['n8_sol200', 5232.0, 384.0, 1]
['n8_sol216', 5280.0, 384.0, 1]
['n8_sol232', 5328.0, 384.0, 1]
['n8_sol248', 5376.0, 384.0, 1]
['n8_sol249', 5376.0, 432.0, 1]
['n8_sol233', 5328.0, 432.0, 1]
['n8_sol217', 5280.0, 432.0, 1]
['n8_sol201', 5232.0, 432.0, 1]
['n8_sol185', 5184.0, 432.0, 1]
['n8_sol169', 5136.0, 432.0, 1]
['n8_sol153', 5088.0, 432.0, 1]
['n8_sol137', 5040.0, 432.0, 1]
['n8_sol143', 5040.0, 720.0, 1]
['n8_sol159', 5088.0, 720.0, 1]
['n8_sol158', 5088.0, 672.0, 1]
['n8_sol142', 5040.0, 672.0, 1]
['n8_sol205', 5232.0, 624.0, 1]
['n8_sol221', 5280.0, 624.0, 1]
['n8_sol204', 5232.0, 576.0, 1]
['n8_sol220', 5280.0, 576.0, 1]
['n8_sol190', 5184.0, 672.0, 1]
['n8_sol174', 5136.0, 672.0, 1]
['n8_sol175', 5136.0, 720.0, 1]
['n8_sol191', 5184.0, 720.0, 1]
['n8_sol207', 5232.0, 720.0, 1]
['n8_sol206', 5232.0, 672.0, 1]
['n8_sol222', 5280.0, 672.0, 1]
['n8_sol223', 5280.0, 720.0, 1]
['n8_sol239', 5328.0, 720.0, 1]
['n8_sol255', 5376.0, 720.0, 1]
['n8_sol254', 5376.0, 672.0, 1]
['n8_sol238', 5328.0, 672.0, 1]
['n8_sol225', 5328.0, 48.0, 1]
['n8_sol224', 5328.0, 0.0, 1]
['n8_sol240', 5376.0, 0.0, 1]
['n8_sol241', 5376.0, 48.0, 1]
['n8_sol242', 5376.0, 96.0, 1]
['n8_sol243', 5376.0, 144.0, 1]
['n8_sol227', 5328.0, 144.0, 1]
['n8_sol226', 5328.0, 96.0, 1]
['n8_sol211', 5280.0, 144.0, 1]
['n8_sol210', 5280.0, 96.0, 1]
['n10_sol168', 6864.0, 0.0, 1]
['n10_sol180', 6912.0, 0.0, 1]
['n10_sol169', 6864.0, 48.0, 1]
['n10_sol181', 6912.0, 48.0, 1]
['n10_sol170', 6864.0, 96.0, 1]
['n10_sol182', 6912.0, 96.0, 1]
['n10_sol171', 6864.0, 144.0, 1]
['n10_sol183', 6912.0, 144.0, 1]
['n10_sol172', 6864.0, 192.0, 1]
['n10_sol184', 6912.0, 192.0, 1]
['n10_sol173', 6864.0, 240.0, 1]
['n10_sol185', 6912.0, 240.0, 1]
['n10_sol174', 6864.0, 288.0, 1]
['n10_sol186', 6912.0, 288.0, 1]
['n10_sol175', 6864.0, 336.0, 1]
['n10_sol187', 6912.0, 336.0, 1]
['n10_sol188', 6912.0, 384.0, 1]
['n10_sol176', 6864.0, 384.0, 1]
['n10_sol177', 6864.0, 432.0, 1]
['n10_sol189', 6912.0, 432.0, 1]
['n10_sol190', 6912.0, 480.0, 1]
['n10_sol178', 6864.0, 480.0, 1]
['n10_sol179', 6864.0, 528.0, 1]
['n10_sol191', 6912.0, 528.0, 1]
['n13_sol6', 8160.0, 288.0, 1]
['n13_sol22', 8208.0, 288.0, 1]
['n13_sol38', 8256.0, 288.0, 1]
['n13_sol54', 8304.0, 288.0, 1]
['n13_sol70', 8352.0, 288.0, 1]
['n13_sol86', 8400.0, 288.0, 1]
['n13_sol102', 8448.0, 288.0, 1]
['n13_sol118', 8496.0, 288.0, 1]
['n13_sol134', 8544.0, 288.0, 1]
['n13_sol135', 8544.0, 336.0, 1]
['n13_sol151', 8592.0, 336.0, 1]
['n13_sol150', 8592.0, 288.0, 1]
['n13_sol7', 8160.0, 336.0, 1]
['n13_sol23', 8208.0, 336.0, 1]
['n13_sol39', 8256.0, 336.0, 1]
['n13_sol55', 8304.0, 336.0, 1]
['n13_sol71', 8352.0, 336.0, 1]
['n13_sol87', 8400.0, 336.0, 1]
['n13_sol103', 8448.0, 336.0, 1]
['n13_sol119', 8496.0, 336.0, 1]
['n13_sol8', 8160.0, 384.0, 1]
['n13_sol9', 8160.0, 432.0, 1]
['n13_sol25', 8208.0, 432.0, 1]
['n13_sol24', 8208.0, 384.0, 1]
['n13_sol40', 8256.0, 384.0, 1]
['n13_sol56', 8304.0, 384.0, 1]
['n13_sol72', 8352.0, 384.0, 1]
['n13_sol88', 8400.0, 384.0, 1]
['n13_sol104', 8448.0, 384.0, 1]
['n13_sol120', 8496.0, 384.0, 1]
['n13_sol121', 8496.0, 432.0, 1]
['n13_sol105', 8448.0, 432.0, 1]
['n13_sol89', 8400.0, 432.0, 1]
['n13_sol73', 8352.0, 432.0, 1]
['n13_sol41', 8256.0, 432.0, 1]
['n13_sol57', 8304.0, 432.0, 1]
['n13_sol10', 8160.0, 480.0, 1]
['n13_sol26', 8208.0, 480.0, 1]
['n13_sol42', 8256.0, 480.0, 1]
['n13_sol58', 8304.0, 480.0, 1]
['n13_sol74', 8352.0, 480.0, 1]
['n13_sol90', 8400.0, 480.0, 1]
['n13_sol106', 8448.0, 480.0, 1]
['n13_sol122', 8496.0, 480.0, 1]
['n13_sol11', 8160.0, 528.0, 1]
['n13_sol12', 8160.0, 576.0, 1]
['n13_sol13', 8160.0, 624.0, 1]
['n13_sol29', 8208.0, 624.0, 1]
['n13_sol28', 8208.0, 576.0, 1]
['n13_sol44', 8256.0, 576.0, 1]
['n13_sol45', 8256.0, 624.0, 1]
['n13_sol61', 8304.0, 624.0, 1]
['n13_sol77', 8352.0, 624.0, 1]
['n13_sol76', 8352.0, 576.0, 1]
['n13_sol60', 8304.0, 576.0, 1]
['n13_sol27', 8208.0, 528.0, 1]
['n13_sol43', 8256.0, 528.0, 1]
['n13_sol59', 8304.0, 528.0, 1]
['n13_sol75', 8352.0, 528.0, 1]
['n13_sol91', 8400.0, 528.0, 1]
['n13_sol107', 8448.0, 528.0, 1]
['n13_sol123', 8496.0, 528.0, 1]
['n13_sol137', 8544.0, 432.0, 1]
['n13_sol138', 8544.0, 480.0, 1]
['n13_sol139', 8544.0, 528.0, 1]
['n13_sol136', 8544.0, 384.0, 1]
['n13_sol152', 8592.0, 384.0, 1]
['n13_sol168', 8640.0, 384.0, 1]
['n13_sol153', 8592.0, 432.0, 1]
['n13_sol154', 8592.0, 480.0, 1]
['n13_sol155', 8592.0, 528.0, 1]
['n13_sol171', 8640.0, 528.0, 1]
['n13_sol170', 8640.0, 480.0, 1]
['n13_sol169', 8640.0, 432.0, 1]
['n13_sol14', 8160.0, 672.0, 1]
['n13_sol30', 8208.0, 672.0, 1]
['n13_sol46', 8256.0, 672.0, 1]
['n13_sol62', 8304.0, 672.0, 1]
['n13_sol78', 8352.0, 672.0, 1]
['n13_sol79', 8352.0, 720.0, 1]
['n13_sol63', 8304.0, 720.0, 1]
['n13_sol47', 8256.0, 720.0, 1]
['n13_sol31', 8208.0, 720.0, 1]
['n13_sol15', 8160.0, 720.0, 1]
['n13_sol95', 8400.0, 720.0, 1]
['n13_sol111', 8448.0, 720.0, 1]
['n13_sol127', 8496.0, 720.0, 1]
['n13_sol143', 8544.0, 720.0, 1]
['n13_sol159', 8592.0, 720.0, 1]
['n13_sol158', 8592.0, 672.0, 1]
['n13_sol142', 8544.0, 672.0, 1]
['n13_sol126', 8496.0, 672.0, 1]
['n13_sol110', 8448.0, 672.0, 1]
['n13_sol94', 8400.0, 672.0, 1]
['n13_sol93', 8400.0, 624.0, 1]
['n13_sol109', 8448.0, 624.0, 1]
['n13_sol125', 8496.0, 624.0, 1]
['n13_sol141', 8544.0, 624.0, 1]
['n13_sol157', 8592.0, 624.0, 1]
['n13_sol156', 8592.0, 576.0, 1]
['n13_sol140', 8544.0, 576.0, 1]
['n13_sol124', 8496.0, 576.0, 1]
['n13_sol92', 8400.0, 576.0, 1]
['n13_sol108', 8448.0, 576.0, 1]
['n13_sol175', 8640.0, 720.0, 1]
['n13_sol174', 8640.0, 672.0, 1]
['n13_sol173', 8640.0, 624.0, 1]
['n13_sol172', 8640.0, 576.0, 1]
['n13_sol188', 8688.0, 576.0, 1]
['n13_sol189', 8688.0, 624.0, 1]
['n13_sol190', 8688.0, 672.0, 1]
['n13_sol191', 8688.0, 720.0, 1]
['n13_sol187', 8688.0, 528.0, 1]
['n13_sol186', 8688.0, 480.0, 1]
['n13_sol185', 8688.0, 432.0, 1]
['n13_sol201', 8736.0, 432.0, 1]
['n13_sol202', 8736.0, 480.0, 1]
['n13_sol203', 8736.0, 528.0, 1]
['n13_sol204', 8736.0, 576.0, 1]
['n13_sol205', 8736.0, 624.0, 1]
['n13_sol206', 8736.0, 672.0, 1]
['n13_sol207', 8736.0, 720.0, 1]
['n13_sol223', 8784.0, 720.0, 1]
['n13_sol239', 8832.0, 720.0, 1]
['n13_sol255', 8880.0, 720.0, 1]
['n13_sol254', 8880.0, 672.0, 1]
['n13_sol238', 8832.0, 672.0, 1]
['n13_sol222', 8784.0, 672.0, 1]
['n13_sol221', 8784.0, 624.0, 1]
['n13_sol220', 8784.0, 576.0, 1]
['n13_sol219', 8784.0, 528.0, 1]
['n13_sol218', 8784.0, 480.0, 1]
['n13_sol217', 8784.0, 432.0, 1]
['n13_sol233', 8832.0, 432.0, 1]
['n13_sol234', 8832.0, 480.0, 1]
['n13_sol236', 8832.0, 576.0, 1]
['n13_sol235', 8832.0, 528.0, 1]
['n13_sol237', 8832.0, 624.0, 1]
['n13_sol253', 8880.0, 624.0, 1]
['n13_sol252', 8880.0, 576.0, 1]
['n13_sol251', 8880.0, 528.0, 1]
['n13_sol250', 8880.0, 480.0, 1]
['n13_sol249', 8880.0, 432.0, 1]
['n13_sol183', 8688.0, 336.0, 1]
['n13_sol199', 8736.0, 336.0, 1]
['n13_sol198', 8736.0, 288.0, 1]
['n13_sol182', 8688.0, 288.0, 1]
['n13_sol166', 8640.0, 288.0, 1]
['n13_sol167', 8640.0, 336.0, 1]
['n13_sol215', 8784.0, 336.0, 1]
['n13_sol231', 8832.0, 336.0, 1]
['n13_sol247', 8880.0, 336.0, 1]
['n13_sol246', 8880.0, 288.0, 1]
['n13_sol230', 8832.0, 288.0, 1]
['n13_sol214', 8784.0, 288.0, 1]
['n13_sol177', 8688.0, 48.0, 1]
['n13_sol176', 8688.0, 0.0, 1]
['n13_sol129', 8544.0, 48.0, 1]
['n13_sol145', 8592.0, 48.0, 1]
['n13_sol161', 8640.0, 48.0, 1]
['n13_sol160', 8640.0, 0.0, 1]
['n13_sol144', 8592.0, 0.0, 1]
['n13_sol128', 8544.0, 0.0, 1]
['n13_sol209', 8784.0, 48.0, 1]
['n13_sol193', 8736.0, 48.0, 1]
['n13_sol192', 8736.0, 0.0, 1]
['n13_sol208', 8784.0, 0.0, 1]
['n32_sol0', 22368.0, 0.0, 1]
['n32_sol1', 22368.0, 48.0, 1]
['n32_sol2', 22368.0, 96.0, 1]
['n32_sol63', 22416.0, 0.0, 1]
['n32_sol64', 22416.0, 48.0, 1]
['n32_sol65', 22416.0, 96.0, 1]
['n32_sol128', 22464.0, 96.0, 1]
['n32_sol127', 22464.0, 48.0, 1]
['n32_sol126', 22464.0, 0.0, 1]
['n32_sol189', 22512.0, 0.0, 1]
['n32_sol252', 22560.0, 0.0, 1]
['n32_sol315', 22608.0, 0.0, 1]
['n32_sol378', 22656.0, 0.0, 1]
['n32_sol441', 22704.0, 0.0, 1]
['n32_sol504', 22752.0, 0.0, 1]
['n32_sol505', 22752.0, 48.0, 1]
['n32_sol442', 22704.0, 48.0, 1]
['n32_sol379', 22656.0, 48.0, 1]
['n32_sol316', 22608.0, 48.0, 1]
['n32_sol253', 22560.0, 48.0, 1]
['n32_sol190', 22512.0, 48.0, 1]
['n32_sol191', 22512.0, 96.0, 1]
['n32_sol254', 22560.0, 96.0, 1]
['n32_sol317', 22608.0, 96.0, 1]
['n32_sol380', 22656.0, 96.0, 1]
['n32_sol443', 22704.0, 96.0, 1]
['n32_sol506', 22752.0, 96.0, 1]
['n32_sol6', 22368.0, 288.0, 1]
['n32_sol69', 22416.0, 288.0, 1]
['n32_sol132', 22464.0, 288.0, 1]
['n32_sol133', 22464.0, 336.0, 1]
['n32_sol70', 22416.0, 336.0, 1]
['n32_sol7', 22368.0, 336.0, 1]
['n32_sol8', 22368.0, 384.0, 1]
['n32_sol71', 22416.0, 384.0, 1]
['n32_sol134', 22464.0, 384.0, 1]
['n32_sol384', 22656.0, 288.0, 1]
['n32_sol385', 22656.0, 336.0, 1]
['n32_sol386', 22656.0, 384.0, 1]
['n32_sol449', 22704.0, 384.0, 1]
['n32_sol448', 22704.0, 336.0, 1]
['n32_sol447', 22704.0, 288.0, 1]
['n32_sol510', 22752.0, 288.0, 1]
['n32_sol511', 22752.0, 336.0, 1]
['n32_sol512', 22752.0, 384.0, 1]
['n32_sol567', 22800.0, 0.0, 1]
['n32_sol568', 22800.0, 48.0, 1]
['n32_sol569', 22800.0, 96.0, 1]
['n32_sol632', 22848.0, 96.0, 1]
['n32_sol631', 22848.0, 48.0, 1]
['n32_sol630', 22848.0, 0.0, 1]
['n32_sol693', 22896.0, 0.0, 1]
['n32_sol694', 22896.0, 48.0, 1]
['n32_sol695', 22896.0, 96.0, 1]
['n32_sol756', 22944.0, 0.0, 1]
['n32_sol819', 22992.0, 0.0, 1]
['n32_sol882', 23040.0, 0.0, 1]
['n32_sol883', 23040.0, 48.0, 1]
['n32_sol820', 22992.0, 48.0, 1]
['n32_sol757', 22944.0, 48.0, 1]
['n32_sol758', 22944.0, 96.0, 1]
['n32_sol821', 22992.0, 96.0, 1]
['n32_sol884', 23040.0, 96.0, 1]
['n32_sol948', 23088.0, 144.0, 1]
['n32_sol1011', 23136.0, 144.0, 1]
['n32_sol759', 22944.0, 144.0, 1]
['n32_sol822', 22992.0, 144.0, 1]
['n32_sol885', 23040.0, 144.0, 1]
['n32_sol760', 22944.0, 192.0, 1]
['n32_sol823', 22992.0, 192.0, 1]
['n32_sol886', 23040.0, 192.0, 1]
['n32_sol761', 22944.0, 240.0, 1]
['n32_sol824', 22992.0, 240.0, 1]
['n32_sol887', 23040.0, 240.0, 1]
['n32_sol950', 23088.0, 240.0, 1]
['n32_sol949', 23088.0, 192.0, 1]
['n32_sol1013', 23136.0, 240.0, 1]
['n32_sol1012', 23136.0, 192.0, 1]
['n32_sol1074', 23184.0, 144.0, 1]
['n32_sol1075', 23184.0, 192.0, 1]
['n32_sol1076', 23184.0, 240.0, 1]
['n32_sol1139', 23232.0, 240.0, 1]
['n32_sol1202', 23280.0, 240.0, 1]
['n32_sol1265', 23328.0, 240.0, 1]
['n33_sol5', 23376.0, 240.0, 1]
['n33_sol4', 23376.0, 192.0, 1]
['n32_sol1264', 23328.0, 192.0, 1]
['n32_sol1201', 23280.0, 192.0, 1]
['n32_sol1138', 23232.0, 192.0, 1]
['n32_sol1137', 23232.0, 144.0, 1]
['n32_sol1200', 23280.0, 144.0, 1]
['n32_sol1263', 23328.0, 144.0, 1]
['n33_sol3', 23376.0, 144.0, 1]
['n33_sol2', 23376.0, 96.0, 1]
['n33_sol1', 23376.0, 48.0, 1]
['n33_sol0', 23376.0, 0.0, 1]
['n33_sol48', 23424.0, 0.0, 1]
['n33_sol49', 23424.0, 48.0, 1]
['n33_sol50', 23424.0, 96.0, 1]
['n33_sol51', 23424.0, 144.0, 1]
['n33_sol52', 23424.0, 192.0, 1]
['n33_sol53', 23424.0, 240.0, 1]
['n33_sol101', 23472.0, 240.0, 1]
['n33_sol100', 23472.0, 192.0, 1]
['n33_sol99', 23472.0, 144.0, 1]
['n33_sol98', 23472.0, 96.0, 1]
['n33_sol97', 23472.0, 48.0, 1]
['n33_sol96', 23472.0, 0.0, 1]
['n32_sol576', 22800.0, 432.0, 1]
['n32_sol577', 22800.0, 480.0, 1]
['n32_sol578', 22800.0, 528.0, 1]
['n32_sol641', 22848.0, 528.0, 1]
['n32_sol640', 22848.0, 480.0, 1]
['n32_sol639', 22848.0, 432.0, 1]
['n32_sol702', 22896.0, 432.0, 1]
['n32_sol703', 22896.0, 480.0, 1]
['n32_sol704', 22896.0, 528.0, 1]
['n32_sol767', 22944.0, 528.0, 1]
['n32_sol766', 22944.0, 480.0, 1]
['n32_sol765', 22944.0, 432.0, 1]
['n32_sol828', 22992.0, 432.0, 1]
['n32_sol829', 22992.0, 480.0, 1]
['n32_sol830', 22992.0, 528.0, 1]
['n32_sol893', 23040.0, 528.0, 1]
['n32_sol892', 23040.0, 480.0, 1]
['n32_sol891', 23040.0, 432.0, 1]
['n32_sol1143', 23232.0, 432.0, 1]
['n32_sol1144', 23232.0, 480.0, 1]
['n32_sol1145', 23232.0, 528.0, 1]
['n32_sol1208', 23280.0, 528.0, 1]
['n32_sol1207', 23280.0, 480.0, 1]
['n32_sol1206', 23280.0, 432.0, 1]
['n32_sol1269', 23328.0, 432.0, 1]
['n32_sol1270', 23328.0, 480.0, 1]
['n32_sol1271', 23328.0, 528.0, 1]
['n33_sol12', 23376.0, 576.0, 1]
['n33_sol13', 23376.0, 624.0, 1]
['n33_sol14', 23376.0, 672.0, 1]
['n33_sol62', 23424.0, 672.0, 1]
['n33_sol110', 23472.0, 672.0, 1]
['n33_sol109', 23472.0, 624.0, 1]
['n33_sol61', 23424.0, 624.0, 1]
['n33_sol60', 23424.0, 576.0, 1]
['n33_sol108', 23472.0, 576.0, 1]
['n33_sol107', 23472.0, 528.0, 1]
['n33_sol59', 23424.0, 528.0, 1]
['n33_sol11', 23376.0, 528.0, 1]
['n33_sol10', 23376.0, 480.0, 1]
['n33_sol58', 23424.0, 480.0, 1]
['n33_sol106', 23472.0, 480.0, 1]
['n33_sol105', 23472.0, 432.0, 1]
['n33_sol57', 23424.0, 432.0, 1]
['n33_sol9', 23376.0, 432.0, 1]
['n33_sol8', 23376.0, 384.0, 1]
['n33_sol56', 23424.0, 384.0, 1]
['n33_sol104', 23472.0, 384.0, 1]
['n33_sol6', 23376.0, 288.0, 1]
['n33_sol54', 23424.0, 288.0, 1]
['n33_sol102', 23472.0, 288.0, 1]
['n33_sol103', 23472.0, 336.0, 1]
['n33_sol7', 23376.0, 336.0, 1]
['n33_sol55', 23424.0, 336.0, 1]
['n33_sol150', 23520.0, 288.0, 1]
['n33_sol198', 23568.0, 288.0, 1]
['n33_sol246', 23616.0, 288.0, 1]
['n33_sol151', 23520.0, 336.0, 1]
['n33_sol199', 23568.0, 336.0, 1]
['n33_sol247', 23616.0, 336.0, 1]
['n33_sol152', 23520.0, 384.0, 1]
['n33_sol200', 23568.0, 384.0, 1]
['n33_sol248', 23616.0, 384.0, 1]
['n33_sol153', 23520.0, 432.0, 1]
['n33_sol154', 23520.0, 480.0, 1]
['n33_sol155', 23520.0, 528.0, 1]
['n33_sol156', 23520.0, 576.0, 1]
['n33_sol157', 23520.0, 624.0, 1]
['n33_sol158', 23520.0, 672.0, 1]
['n33_sol206', 23568.0, 672.0, 1]
['n33_sol254', 23616.0, 672.0, 1]
['n33_sol253', 23616.0, 624.0, 1]
['n33_sol205', 23568.0, 624.0, 1]
['n33_sol204', 23568.0, 576.0, 1]
['n33_sol252', 23616.0, 576.0, 1]
['n33_sol251', 23616.0, 528.0, 1]
['n33_sol250', 23616.0, 480.0, 1]
['n33_sol249', 23616.0, 432.0, 1]
['n33_sol201', 23568.0, 432.0, 1]
['n33_sol202', 23568.0, 480.0, 1]
['n33_sol203', 23568.0, 528.0, 1]
['n33_sol297', 23664.0, 432.0, 1]
['n33_sol298', 23664.0, 480.0, 1]
['n33_sol299', 23664.0, 528.0, 1]
['n33_sol347', 23712.0, 528.0, 1]
['n33_sol395', 23760.0, 528.0, 1]
['n33_sol394', 23760.0, 480.0, 1]
['n33_sol346', 23712.0, 480.0, 1]
['n33_sol345', 23712.0, 432.0, 1]
['n33_sol393', 23760.0, 432.0, 1]
['n33_sol392', 23760.0, 384.0, 1]
['n33_sol344', 23712.0, 384.0, 1]
['n33_sol296', 23664.0, 384.0, 1]
['n33_sol295', 23664.0, 336.0, 1]
['n33_sol343', 23712.0, 336.0, 1]
['n33_sol391', 23760.0, 336.0, 1]
['n33_sol390', 23760.0, 288.0, 1]
['n33_sol342', 23712.0, 288.0, 1]
['n33_sol294', 23664.0, 288.0, 1]
['n33_sol144', 23520.0, -0.0, 1]
['n33_sol192', 23568.0, -0.0, 1]
['n33_sol240', 23616.0, -0.0, 1]
['n33_sol145', 23520.0, 48.0, 1]
['n33_sol193', 23568.0, 48.0, 1]
['n33_sol241', 23616.0, 48.0, 1]
['n33_sol146', 23520.0, 96.0, 1]
['n33_sol194', 23568.0, 96.0, 1]
['n33_sol242', 23616.0, 96.0, 1]
['n33_sol147', 23520.0, 144.0, 1]
['n33_sol195', 23568.0, 144.0, 1]
['n33_sol243', 23616.0, 144.0, 1]
['n33_sol148', 23520.0, 192.0, 1]
['n33_sol196', 23568.0, 192.0, 1]
['n33_sol244', 23616.0, 192.0, 1]
['n33_sol149', 23520.0, 240.0, 1]
['n33_sol197', 23568.0, 240.0, 1]
['n33_sol245', 23616.0, 240.0, 1]
['n33_sol288', 23664.0, -0.0, 1]
['n33_sol336', 23712.0, -0.0, 1]
['n33_sol384', 23760.0, -0.0, 1]
['n33_sol385', 23760.0, 48.0, 1]
['n33_sol337', 23712.0, 48.0, 1]
['n33_sol289', 23664.0, 48.0, 1]
['n33_sol290', 23664.0, 96.0, 1]
['n33_sol338', 23712.0, 96.0, 1]
['n33_sol386', 23760.0, 96.0, 1]
['n33_sol387', 23760.0, 144.0, 1]
['n33_sol339', 23712.0, 144.0, 1]
['n33_sol291', 23664.0, 144.0, 1]
['n33_sol292', 23664.0, 192.0, 1]
['n33_sol340', 23712.0, 192.0, 1]
['n33_sol388', 23760.0, 192.0, 1]
['n33_sol389', 23760.0, 240.0, 1]
['n33_sol341', 23712.0, 240.0, 1]
['n33_sol293', 23664.0, 240.0, 1]
['n33_sol438', 23808.0, 288.0, 1]
['n33_sol486', 23856.0, 288.0, 1]
['n33_sol534', 23904.0, 288.0, 1]
['n33_sol439', 23808.0, 336.0, 1]
['n33_sol487', 23856.0, 336.0, 1]
['n33_sol535', 23904.0, 336.0, 1]
['n33_sol440', 23808.0, 384.0, 1]
['n33_sol488', 23856.0, 384.0, 1]
['n33_sol584', 23952.0, 384.0, 1]
['n33_sol536', 23904.0, 384.0, 1]
['n33_sol441', 23808.0, 432.0, 1]
['n33_sol489', 23856.0, 432.0, 1]
['n33_sol537', 23904.0, 432.0, 1]
['n33_sol442', 23808.0, 480.0, 1]
['n33_sol490', 23856.0, 480.0, 1]
['n33_sol538', 23904.0, 480.0, 1]
['n33_sol443', 23808.0, 528.0, 1]
['n33_sol491', 23856.0, 528.0, 1]
['n33_sol539', 23904.0, 528.0, 1]
['n33_sol444', 23808.0, 576.0, 1]
['n33_sol492', 23856.0, 576.0, 1]
['n33_sol540', 23904.0, 576.0, 1]
['n33_sol445', 23808.0, 624.0, 1]
['n33_sol493', 23856.0, 624.0, 1]
['n33_sol541', 23904.0, 624.0, 1]
['n33_sol446', 23808.0, 672.0, 1]
['n33_sol494', 23856.0, 672.0, 1]
['n33_sol542', 23904.0, 672.0, 1]
['n33_sol303', 23664.0, 720.0, 1]
['n33_sol351', 23712.0, 720.0, 1]
['n33_sol399', 23760.0, 720.0, 1]
['n33_sol304', 23664.0, 768.0, 1]
['n33_sol352', 23712.0, 768.0, 1]
['n33_sol400', 23760.0, 768.0, 1]
['n33_sol305', 23664.0, 816.0, 1]
['n33_sol353', 23712.0, 816.0, 1]
['n33_sol401', 23760.0, 816.0, 1]
['n33_sol15', 23376.0, 720.0, 1]
['n33_sol63', 23424.0, 720.0, 1]
['n33_sol111', 23472.0, 720.0, 1]
['n33_sol16', 23376.0, 768.0, 1]
['n33_sol64', 23424.0, 768.0, 1]
['n33_sol112', 23472.0, 768.0, 1]
['n33_sol17', 23376.0, 816.0, 1]
['n33_sol65', 23424.0, 816.0, 1]
['n33_sol113', 23472.0, 816.0, 1]
['n33_sol19', 23376.0, 912.0, 1]
['n33_sol18', 23376.0, 864.0, 1]
['n33_sol66', 23424.0, 864.0, 1]
['n33_sol67', 23424.0, 912.0, 1]
['n33_sol114', 23472.0, 864.0, 1]
['n33_sol115', 23472.0, 912.0, 1]
['n33_sol20', 23376.0, 960.0, 1]
['n33_sol68', 23424.0, 960.0, 1]
['n33_sol116', 23472.0, 960.0, 1]
['n33_sol165', 23520.0, 1008.0, 1]
['n33_sol213', 23568.0, 1008.0, 1]
['n33_sol261', 23616.0, 1008.0, 1]
['n33_sol166', 23520.0, 1056.0, 1]
['n33_sol214', 23568.0, 1056.0, 1]
['n33_sol262', 23616.0, 1056.0, 1]
['n33_sol167', 23520.0, 1104.0, 1]
['n33_sol215', 23568.0, 1104.0, 1]
['n33_sol263', 23616.0, 1104.0, 1]
['n33_sol453', 23808.0, 1008.0, 1]
['n33_sol454', 23808.0, 1056.0, 1]
['n33_sol306', 23664.0, 864.0, 1]
['n33_sol354', 23712.0, 864.0, 1]
['n33_sol402', 23760.0, 864.0, 1]
['n33_sol307', 23664.0, 912.0, 1]
['n33_sol355', 23712.0, 912.0, 1]
['n33_sol403', 23760.0, 912.0, 1]
['n33_sol308', 23664.0, 960.0, 1]
['n33_sol356', 23712.0, 960.0, 1]
['n33_sol404', 23760.0, 960.0, 1]
['n33_sol501', 23856.0, 1008.0, 1]
['n33_sol502', 23856.0, 1056.0, 1]
['n33_sol455', 23808.0, 1104.0, 1]
['n33_sol503', 23856.0, 1104.0, 1]
['n33_sol551', 23904.0, 1104.0, 1]
['n33_sol550', 23904.0, 1056.0, 1]
['n33_sol549', 23904.0, 1008.0, 1]
['n32_sol198', 22512.0, 432.0, 1]
['n32_sol261', 22560.0, 432.0, 1]
['n32_sol324', 22608.0, 432.0, 1]
['n32_sol199', 22512.0, 480.0, 1]
['n32_sol262', 22560.0, 480.0, 1]
['n32_sol325', 22608.0, 480.0, 1]
['n32_sol263', 22560.0, 528.0, 1]
['n32_sol200', 22512.0, 528.0, 1]
['n32_sol326', 22608.0, 528.0, 1]
['n32_sol15', 22368.0, 720.0, 1]
['n32_sol78', 22416.0, 720.0, 1]
['n32_sol141', 22464.0, 720.0, 1]
['n32_sol16', 22368.0, 768.0, 1]
['n32_sol79', 22416.0, 768.0, 1]
['n32_sol142', 22464.0, 768.0, 1]
['n32_sol17', 22368.0, 816.0, 1]
['n32_sol143', 22464.0, 816.0, 1]
['n32_sol80', 22416.0, 816.0, 1]
['n32_sol21', 22368.0, 1008.0, 1]
['n32_sol84', 22416.0, 1008.0, 1]
['n32_sol147', 22464.0, 1008.0, 1]
['n32_sol22', 22368.0, 1056.0, 1]
['n32_sol85', 22416.0, 1056.0, 1]
['n32_sol148', 22464.0, 1056.0, 1]
['n32_sol23', 22368.0, 1104.0, 1]
['n32_sol86', 22416.0, 1104.0, 1]
['n32_sol149', 22464.0, 1104.0, 1]
['n32_sol24', 22368.0, 1152.0, 1]
['n32_sol87', 22416.0, 1152.0, 1]
['n32_sol150', 22464.0, 1152.0, 1]
['n32_sol25', 22368.0, 1200.0, 1]
['n32_sol88', 22416.0, 1200.0, 1]
['n32_sol151', 22464.0, 1200.0, 1]
['n32_sol26', 22368.0, 1248.0, 1]
['n32_sol89', 22416.0, 1248.0, 1]
['n32_sol152', 22464.0, 1248.0, 1]
['n32_sol210', 22512.0, 1008.0, 1]
['n32_sol273', 22560.0, 1008.0, 1]
['n32_sol336', 22608.0, 1008.0, 1]
['n32_sol211', 22512.0, 1056.0, 1]
['n32_sol274', 22560.0, 1056.0, 1]
['n32_sol337', 22608.0, 1056.0, 1]
['n32_sol212', 22512.0, 1104.0, 1]
['n32_sol275', 22560.0, 1104.0, 1]
['n32_sol338', 22608.0, 1104.0, 1]
['n32_sol213', 22512.0, 1152.0, 1]
['n32_sol276', 22560.0, 1152.0, 1]
['n32_sol339', 22608.0, 1152.0, 1]
['n32_sol214', 22512.0, 1200.0, 1]
['n32_sol277', 22560.0, 1200.0, 1]
['n32_sol340', 22608.0, 1200.0, 1]
['n32_sol215', 22512.0, 1248.0, 1]
['n32_sol278', 22560.0, 1248.0, 1]
['n32_sol341', 22608.0, 1248.0, 1]
['n32_sol399', 22656.0, 1008.0, 1]
['n32_sol400', 22656.0, 1056.0, 1]
['n32_sol401', 22656.0, 1104.0, 1]
['n32_sol402', 22656.0, 1152.0, 1]
['n32_sol403', 22656.0, 1200.0, 1]
['n32_sol404', 22656.0, 1248.0, 1]
['n32_sol462', 22704.0, 1008.0, 1]
['n32_sol463', 22704.0, 1056.0, 1]
['n32_sol464', 22704.0, 1104.0, 1]
['n32_sol465', 22704.0, 1152.0, 1]
['n32_sol466', 22704.0, 1200.0, 1]
['n32_sol467', 22704.0, 1248.0, 1]
['n32_sol530', 22752.0, 1248.0, 1]
['n32_sol529', 22752.0, 1200.0, 1]
['n32_sol528', 22752.0, 1152.0, 1]
['n32_sol527', 22752.0, 1104.0, 1]
['n32_sol526', 22752.0, 1056.0, 1]
['n32_sol525', 22752.0, 1008.0, 1]
['n32_sol588', 22800.0, 1008.0, 1]
['n32_sol589', 22800.0, 1056.0, 1]
['n32_sol590', 22800.0, 1104.0, 1]
['n32_sol591', 22800.0, 1152.0, 1]
['n32_sol592', 22800.0, 1200.0, 1]
['n32_sol593', 22800.0, 1248.0, 1]
['n32_sol656', 22848.0, 1248.0, 1]
['n32_sol655', 22848.0, 1200.0, 1]
['n32_sol654', 22848.0, 1152.0, 1]
['n32_sol653', 22848.0, 1104.0, 1]
['n32_sol652', 22848.0, 1056.0, 1]
['n32_sol651', 22848.0, 1008.0, 1]
['n32_sol714', 22896.0, 1008.0, 1]
['n32_sol715', 22896.0, 1056.0, 1]
['n32_sol716', 22896.0, 1104.0, 1]
['n32_sol717', 22896.0, 1152.0, 1]
['n32_sol718', 22896.0, 1200.0, 1]
['n32_sol719', 22896.0, 1248.0, 1]
['n32_sol777', 22944.0, 1008.0, 1]
['n32_sol778', 22944.0, 1056.0, 1]
['n32_sol779', 22944.0, 1104.0, 1]
['n32_sol780', 22944.0, 1152.0, 1]
['n32_sol781', 22944.0, 1200.0, 1]
['n32_sol782', 22944.0, 1248.0, 1]
['n32_sol783', 22944.0, 1296.0, 1]
['n32_sol720', 22896.0, 1296.0, 1]
['n32_sol657', 22848.0, 1296.0, 1]
['n32_sol594', 22800.0, 1296.0, 1]
['n32_sol531', 22752.0, 1296.0, 1]
['n32_sol468', 22704.0, 1296.0, 1]
['n32_sol405', 22656.0, 1296.0, 1]
['n32_sol342', 22608.0, 1296.0, 1]
['n32_sol279', 22560.0, 1296.0, 1]
['n32_sol216', 22512.0, 1296.0, 1]
['n32_sol153', 22464.0, 1296.0, 1]
['n32_sol90', 22416.0, 1296.0, 1]
['n32_sol27', 22368.0, 1296.0, 1]
['n32_sol28', 22368.0, 1344.0, 1]
['n32_sol91', 22416.0, 1344.0, 1]
['n32_sol154', 22464.0, 1344.0, 1]
['n32_sol217', 22512.0, 1344.0, 1]
['n32_sol280', 22560.0, 1344.0, 1]
['n32_sol343', 22608.0, 1344.0, 1]
['n32_sol406', 22656.0, 1344.0, 1]
['n32_sol469', 22704.0, 1344.0, 1]
['n32_sol532', 22752.0, 1344.0, 1]
['n32_sol595', 22800.0, 1344.0, 1]
['n32_sol658', 22848.0, 1344.0, 1]
['n32_sol721', 22896.0, 1344.0, 1]
['n32_sol784', 22944.0, 1344.0, 1]
['n32_sol847', 22992.0, 1344.0, 1]
['n32_sol846', 22992.0, 1296.0, 1]
['n32_sol845', 22992.0, 1248.0, 1]
['n32_sol844', 22992.0, 1200.0, 1]
['n32_sol843', 22992.0, 1152.0, 1]
['n32_sol842', 22992.0, 1104.0, 1]
['n32_sol841', 22992.0, 1056.0, 1]
['n32_sol840', 22992.0, 1008.0, 1]
['n32_sol903', 23040.0, 1008.0, 1]
['n32_sol904', 23040.0, 1056.0, 1]
['n32_sol905', 23040.0, 1104.0, 1]
['n32_sol906', 23040.0, 1152.0, 1]
['n32_sol907', 23040.0, 1200.0, 1]
['n32_sol908', 23040.0, 1248.0, 1]
['n32_sol909', 23040.0, 1296.0, 1]
['n32_sol910', 23040.0, 1344.0, 1]
['n32_sol973', 23088.0, 1344.0, 1]
['n32_sol972', 23088.0, 1296.0, 1]
['n32_sol971', 23088.0, 1248.0, 1]
['n32_sol970', 23088.0, 1200.0, 1]
['n32_sol969', 23088.0, 1152.0, 1]
['n32_sol968', 23088.0, 1104.0, 1]
['n32_sol967', 23088.0, 1056.0, 1]
['n32_sol966', 23088.0, 1008.0, 1]
['n32_sol1029', 23136.0, 1008.0, 1]
['n32_sol1030', 23136.0, 1056.0, 1]
['n32_sol1032', 23136.0, 1152.0, 1]
['n32_sol1031', 23136.0, 1104.0, 1]
['n32_sol1034', 23136.0, 1248.0, 1]
['n32_sol1033', 23136.0, 1200.0, 1]
['n32_sol1035', 23136.0, 1296.0, 1]
['n32_sol1036', 23136.0, 1344.0, 1]
['n32_sol1099', 23184.0, 1344.0, 1]
['n32_sol1098', 23184.0, 1296.0, 1]
['n32_sol1097', 23184.0, 1248.0, 1]
['n32_sol1096', 23184.0, 1200.0, 1]
['n32_sol1095', 23184.0, 1152.0, 1]
['n32_sol1094', 23184.0, 1104.0, 1]
['n32_sol1093', 23184.0, 1056.0, 1]
['n32_sol1092', 23184.0, 1008.0, 1]
['n32_sol1155', 23232.0, 1008.0, 1]
['n32_sol1218', 23280.0, 1008.0, 1]
['n32_sol1281', 23328.0, 1008.0, 1]
['n32_sol1156', 23232.0, 1056.0, 1]
['n32_sol1219', 23280.0, 1056.0, 1]
['n32_sol1282', 23328.0, 1056.0, 1]
['n32_sol1283', 23328.0, 1104.0, 1]
['n32_sol1220', 23280.0, 1104.0, 1]
['n32_sol1157', 23232.0, 1104.0, 1]
['n32_sol1158', 23232.0, 1152.0, 1]
['n32_sol1221', 23280.0, 1152.0, 1]
['n32_sol1284', 23328.0, 1152.0, 1]
['n32_sol1285', 23328.0, 1200.0, 1]
['n32_sol1222', 23280.0, 1200.0, 1]
['n32_sol1159', 23232.0, 1200.0, 1]
['n32_sol1160', 23232.0, 1248.0, 1]
['n32_sol1223', 23280.0, 1248.0, 1]
['n32_sol1286', 23328.0, 1248.0, 1]
['n32_sol1287', 23328.0, 1296.0, 1]
['n32_sol1224', 23280.0, 1296.0, 1]
['n32_sol1161', 23232.0, 1296.0, 1]
['n32_sol1162', 23232.0, 1344.0, 1]
['n32_sol1225', 23280.0, 1344.0, 1]
['n32_sol1288', 23328.0, 1344.0, 1]
['n32_sol1289', 23328.0, 1392.0, 1]
['n32_sol1226', 23280.0, 1392.0, 1]
['n32_sol1163', 23232.0, 1392.0, 1]
['n32_sol1100', 23184.0, 1392.0, 1]
['n32_sol1037', 23136.0, 1392.0, 1]
['n32_sol974', 23088.0, 1392.0, 1]
['n32_sol911', 23040.0, 1392.0, 1]
['n32_sol848', 22992.0, 1392.0, 1]
['n32_sol785', 22944.0, 1392.0, 1]
['n32_sol722', 22896.0, 1392.0, 1]
['n32_sol659', 22848.0, 1392.0, 1]
['n32_sol596', 22800.0, 1392.0, 1]
['n32_sol533', 22752.0, 1392.0, 1]
['n32_sol470', 22704.0, 1392.0, 1]
['n32_sol29', 22368.0, 1392.0, 1]
['n32_sol92', 22416.0, 1392.0, 1]
['n32_sol155', 22464.0, 1392.0, 1]
['n32_sol281', 22560.0, 1392.0, 1]
['n32_sol218', 22512.0, 1392.0, 1]
['n32_sol407', 22656.0, 1392.0, 1]
['n32_sol344', 22608.0, 1392.0, 1]
['n32_sol30', 22368.0, 1440.0, 1]
['n32_sol93', 22416.0, 1440.0, 1]
['n32_sol156', 22464.0, 1440.0, 1]
['n32_sol31', 22368.0, 1488.0, 1]
['n32_sol94', 22416.0, 1488.0, 1]
['n32_sol157', 22464.0, 1488.0, 1]
['n32_sol32', 22368.0, 1536.0, 1]
['n32_sol95', 22416.0, 1536.0, 1]
['n32_sol158', 22464.0, 1536.0, 1]
['n32_sol219', 22512.0, 1440.0, 1]
['n32_sol220', 22512.0, 1488.0, 1]
['n32_sol221', 22512.0, 1536.0, 1]
['n32_sol284', 22560.0, 1536.0, 1]
['n32_sol283', 22560.0, 1488.0, 1]
['n32_sol282', 22560.0, 1440.0, 1]
['n32_sol345', 22608.0, 1440.0, 1]
['n32_sol346', 22608.0, 1488.0, 1]
['n32_sol347', 22608.0, 1536.0, 1]
['n32_sol410', 22656.0, 1536.0, 1]
['n32_sol409', 22656.0, 1488.0, 1]
['n32_sol408', 22656.0, 1440.0, 1]
['n32_sol471', 22704.0, 1440.0, 1]
['n32_sol472', 22704.0, 1488.0, 1]
['n32_sol473', 22704.0, 1536.0, 1]
['n32_sol536', 22752.0, 1536.0, 1]
['n32_sol535', 22752.0, 1488.0, 1]
['n32_sol534', 22752.0, 1440.0, 1]
['n32_sol597', 22800.0, 1440.0, 1]
['n32_sol598', 22800.0, 1488.0, 1]
['n32_sol599', 22800.0, 1536.0, 1]
['n32_sol662', 22848.0, 1536.0, 1]
['n32_sol661', 22848.0, 1488.0, 1]
['n32_sol660', 22848.0, 1440.0, 1]
['n32_sol723', 22896.0, 1440.0, 1]
['n32_sol724', 22896.0, 1488.0, 1]
['n32_sol725', 22896.0, 1536.0, 1]
['n32_sol786', 22944.0, 1440.0, 1]
['n32_sol787', 22944.0, 1488.0, 1]
['n32_sol788', 22944.0, 1536.0, 1]
['n32_sol851', 22992.0, 1536.0, 1]
['n32_sol850', 22992.0, 1488.0, 1]
['n32_sol849', 22992.0, 1440.0, 1]
['n32_sol912', 23040.0, 1440.0, 1]
['n32_sol913', 23040.0, 1488.0, 1]
['n32_sol914', 23040.0, 1536.0, 1]
['n32_sol975', 23088.0, 1440.0, 1]
['n32_sol976', 23088.0, 1488.0, 1]
['n32_sol977', 23088.0, 1536.0, 1]
['n32_sol1040', 23136.0, 1536.0, 1]
['n32_sol1039', 23136.0, 1488.0, 1]
['n32_sol1038', 23136.0, 1440.0, 1]
['n32_sol1101', 23184.0, 1440.0, 1]
['n32_sol1102', 23184.0, 1488.0, 1]
['n32_sol1103', 23184.0, 1536.0, 1]
['n32_sol1166', 23232.0, 1536.0, 1]
['n32_sol1165', 23232.0, 1488.0, 1]
['n32_sol1164', 23232.0, 1440.0, 1]
['n32_sol1227', 23280.0, 1440.0, 1]
['n32_sol1228', 23280.0, 1488.0, 1]
['n32_sol1229', 23280.0, 1536.0, 1]
['n32_sol1292', 23328.0, 1536.0, 1]
['n32_sol1291', 23328.0, 1488.0, 1]
['n32_sol1290', 23328.0, 1440.0, 1]
['n32_sol789', 22944.0, 1584.0, 1]
['n32_sol852', 22992.0, 1584.0, 1]
['n32_sol915', 23040.0, 1584.0, 1]
['n32_sol790', 22944.0, 1632.0, 1]
['n32_sol853', 22992.0, 1632.0, 1]
['n32_sol916', 23040.0, 1632.0, 1]
['n32_sol791', 22944.0, 1680.0, 1]
['n32_sol854', 22992.0, 1680.0, 1]
['n32_sol917', 23040.0, 1680.0, 1]
['n32_sol792', 22944.0, 1728.0, 1]
['n32_sol793', 22944.0, 1776.0, 1]
['n32_sol795', 22944.0, 1872.0, 1]
['n32_sol794', 22944.0, 1824.0, 1]
['n32_sol857', 22992.0, 1824.0, 1]
['n32_sol856', 22992.0, 1776.0, 1]
['n32_sol855', 22992.0, 1728.0, 1]
['n32_sol918', 23040.0, 1728.0, 1]
['n32_sol919', 23040.0, 1776.0, 1]
['n32_sol920', 23040.0, 1824.0, 1]
['n32_sol858', 22992.0, 1872.0, 1]
['n32_sol921', 23040.0, 1872.0, 1]
['n32_sol796', 22944.0, 1920.0, 1]
['n32_sol859', 22992.0, 1920.0, 1]
['n32_sol922', 23040.0, 1920.0, 1]
['n32_sol797', 22944.0, 1968.0, 1]
['n32_sol860', 22992.0, 1968.0, 1]
['n32_sol923', 23040.0, 1968.0, 1]
['n32_sol986', 23088.0, 1968.0, 1]
['n32_sol985', 23088.0, 1920.0, 1]
['n32_sol984', 23088.0, 1872.0, 1]
['n32_sol1047', 23136.0, 1872.0, 1]
['n32_sol1110', 23184.0, 1872.0, 1]
['n32_sol1048', 23136.0, 1920.0, 1]
['n32_sol1111', 23184.0, 1920.0, 1]
['n32_sol1049', 23136.0, 1968.0, 1]
['n32_sol1112', 23184.0, 1968.0, 1]
['n32_sol978', 23088.0, 1584.0, 1]
['n32_sol979', 23088.0, 1632.0, 1]
['n32_sol980', 23088.0, 1680.0, 1]
['n32_sol981', 23088.0, 1728.0, 1]
['n32_sol982', 23088.0, 1776.0, 1]
['n32_sol983', 23088.0, 1824.0, 1]
['n32_sol1046', 23136.0, 1824.0, 1]
['n32_sol1044', 23136.0, 1728.0, 1]
['n32_sol1045', 23136.0, 1776.0, 1]
['n32_sol1042', 23136.0, 1632.0, 1]
['n32_sol1041', 23136.0, 1584.0, 1]
['n32_sol1043', 23136.0, 1680.0, 1]
['n32_sol1104', 23184.0, 1584.0, 1]
['n32_sol1105', 23184.0, 1632.0, 1]
['n32_sol1106', 23184.0, 1680.0, 1]
['n32_sol1108', 23184.0, 1776.0, 1]
['n32_sol1109', 23184.0, 1824.0, 1]
['n32_sol1107', 23184.0, 1728.0, 1]
['n32_sol1167', 23232.0, 1584.0, 1]
['n32_sol1168', 23232.0, 1632.0, 1]
['n32_sol1169', 23232.0, 1680.0, 1]
['n32_sol1170', 23232.0, 1728.0, 1]
['n32_sol1172', 23232.0, 1824.0, 1]
['n32_sol1171', 23232.0, 1776.0, 1]
['n32_sol1174', 23232.0, 1920.0, 1]
['n32_sol1173', 23232.0, 1872.0, 1]
['n32_sol1175', 23232.0, 1968.0, 1]
['n32_sol1238', 23280.0, 1968.0, 1]
['n32_sol1237', 23280.0, 1920.0, 1]
['n32_sol1236', 23280.0, 1872.0, 1]
['n32_sol1235', 23280.0, 1824.0, 1]
['n32_sol1234', 23280.0, 1776.0, 1]
['n32_sol1233', 23280.0, 1728.0, 1]
['n32_sol1232', 23280.0, 1680.0, 1]
['n32_sol1231', 23280.0, 1632.0, 1]
['n32_sol1230', 23280.0, 1584.0, 1]
['n32_sol1293', 23328.0, 1584.0, 1]
['n32_sol1294', 23328.0, 1632.0, 1]
['n32_sol1295', 23328.0, 1680.0, 1]
['n32_sol1296', 23328.0, 1728.0, 1]
['n32_sol1297', 23328.0, 1776.0, 1]
['n32_sol1298', 23328.0, 1824.0, 1]
['n32_sol1300', 23328.0, 1920.0, 1]
['n32_sol1301', 23328.0, 1968.0, 1]
['n32_sol1299', 23328.0, 1872.0, 1]
['n32_sol600', 22800.0, 1584.0, 1]
['n32_sol663', 22848.0, 1584.0, 1]
['n32_sol726', 22896.0, 1584.0, 1]
['n32_sol601', 22800.0, 1632.0, 1]
['n32_sol664', 22848.0, 1632.0, 1]
['n32_sol727', 22896.0, 1632.0, 1]
['n32_sol602', 22800.0, 1680.0, 1]
['n32_sol665', 22848.0, 1680.0, 1]
['n32_sol728', 22896.0, 1680.0, 1]
['n32_sol603', 22800.0, 1728.0, 1]
['n32_sol666', 22848.0, 1728.0, 1]
['n32_sol729', 22896.0, 1728.0, 1]
['n32_sol604', 22800.0, 1776.0, 1]
['n32_sol667', 22848.0, 1776.0, 1]
['n32_sol730', 22896.0, 1776.0, 1]
['n32_sol605', 22800.0, 1824.0, 1]
['n32_sol668', 22848.0, 1824.0, 1]
['n32_sol731', 22896.0, 1824.0, 1]
['n32_sol732', 22896.0, 1872.0, 1]
['n32_sol669', 22848.0, 1872.0, 1]
['n32_sol606', 22800.0, 1872.0, 1]
['n32_sol607', 22800.0, 1920.0, 1]
['n32_sol733', 22896.0, 1920.0, 1]
['n32_sol670', 22848.0, 1920.0, 1]
['n32_sol608', 22800.0, 1968.0, 1]
['n32_sol671', 22848.0, 1968.0, 1]
['n32_sol734', 22896.0, 1968.0, 1]
['n32_sol411', 22656.0, 1584.0, 1]
['n32_sol537', 22752.0, 1584.0, 1]
['n32_sol474', 22704.0, 1584.0, 1]
['n32_sol412', 22656.0, 1632.0, 1]
['n32_sol538', 22752.0, 1632.0, 1]
['n32_sol475', 22704.0, 1632.0, 1]
['n32_sol413', 22656.0, 1680.0, 1]
['n32_sol476', 22704.0, 1680.0, 1]
['n32_sol539', 22752.0, 1680.0, 1]
['n32_sol414', 22656.0, 1728.0, 1]
['n32_sol477', 22704.0, 1728.0, 1]
['n32_sol540', 22752.0, 1728.0, 1]
['n32_sol415', 22656.0, 1776.0, 1]
['n32_sol478', 22704.0, 1776.0, 1]
['n32_sol541', 22752.0, 1776.0, 1]
['n32_sol416', 22656.0, 1824.0, 1]
['n32_sol479', 22704.0, 1824.0, 1]
['n32_sol542', 22752.0, 1824.0, 1]
['n32_sol417', 22656.0, 1872.0, 1]
['n32_sol480', 22704.0, 1872.0, 1]
['n32_sol543', 22752.0, 1872.0, 1]
['n32_sol418', 22656.0, 1920.0, 1]
['n32_sol481', 22704.0, 1920.0, 1]
['n32_sol544', 22752.0, 1920.0, 1]
['n32_sol545', 22752.0, 1968.0, 1]
['n32_sol419', 22656.0, 1968.0, 1]
['n32_sol482', 22704.0, 1968.0, 1]
['n32_sol356', 22608.0, 1968.0, 1]
['n32_sol355', 22608.0, 1920.0, 1]
['n32_sol354', 22608.0, 1872.0, 1]
['n32_sol353', 22608.0, 1824.0, 1]
['n32_sol352', 22608.0, 1776.0, 1]
['n32_sol351', 22608.0, 1728.0, 1]
['n32_sol350', 22608.0, 1680.0, 1]
['n32_sol349', 22608.0, 1632.0, 1]
['n32_sol348', 22608.0, 1584.0, 1]
['n32_sol285', 22560.0, 1584.0, 1]
['n32_sol222', 22512.0, 1584.0, 1]
['n32_sol223', 22512.0, 1632.0, 1]
['n32_sol286', 22560.0, 1632.0, 1]
['n32_sol287', 22560.0, 1680.0, 1]
['n32_sol224', 22512.0, 1680.0, 1]
['n32_sol225', 22512.0, 1728.0, 1]
['n32_sol288', 22560.0, 1728.0, 1]
['n32_sol226', 22512.0, 1776.0, 1]
['n32_sol289', 22560.0, 1776.0, 1]
['n32_sol290', 22560.0, 1824.0, 1]
['n32_sol227', 22512.0, 1824.0, 1]
['n32_sol228', 22512.0, 1872.0, 1]
['n32_sol291', 22560.0, 1872.0, 1]
['n32_sol229', 22512.0, 1920.0, 1]
['n32_sol292', 22560.0, 1920.0, 1]
['n32_sol230', 22512.0, 1968.0, 1]
['n32_sol293', 22560.0, 1968.0, 1]
['n32_sol33', 22368.0, 1584.0, 1]
['n32_sol96', 22416.0, 1584.0, 1]
['n32_sol159', 22464.0, 1584.0, 1]
['n32_sol34', 22368.0, 1632.0, 1]
['n32_sol97', 22416.0, 1632.0, 1]
['n32_sol160', 22464.0, 1632.0, 1]
['n32_sol98', 22416.0, 1680.0, 1]
['n32_sol35', 22368.0, 1680.0, 1]
['n32_sol161', 22464.0, 1680.0, 1]
['n32_sol162', 22464.0, 1728.0, 1]
['n32_sol36', 22368.0, 1728.0, 1]
['n32_sol99', 22416.0, 1728.0, 1]
['n32_sol37', 22368.0, 1776.0, 1]
['n32_sol100', 22416.0, 1776.0, 1]
['n32_sol163', 22464.0, 1776.0, 1]
['n32_sol164', 22464.0, 1824.0, 1]
['n32_sol101', 22416.0, 1824.0, 1]
['n32_sol38', 22368.0, 1824.0, 1]
['n32_sol39', 22368.0, 1872.0, 1]
['n32_sol102', 22416.0, 1872.0, 1]
['n32_sol165', 22464.0, 1872.0, 1]
['n32_sol166', 22464.0, 1920.0, 1]
['n32_sol103', 22416.0, 1920.0, 1]
['n32_sol40', 22368.0, 1920.0, 1]
['n32_sol41', 22368.0, 1968.0, 1]
['n32_sol104', 22416.0, 1968.0, 1]
['n32_sol167', 22464.0, 1968.0, 1]
['n32_sol42', 22368.0, 2016.0, 1]
['n32_sol105', 22416.0, 2016.0, 1]
['n32_sol168', 22464.0, 2016.0, 1]
['n32_sol43', 22368.0, 2064.0, 1]
['n32_sol106', 22416.0, 2064.0, 1]
['n32_sol169', 22464.0, 2064.0, 1]
['n32_sol44', 22368.0, 2112.0, 1]
['n32_sol107', 22416.0, 2112.0, 1]
['n32_sol170', 22464.0, 2112.0, 1]
['n32_sol45', 22368.0, 2160.0, 1]
['n32_sol108', 22416.0, 2160.0, 1]
['n32_sol171', 22464.0, 2160.0, 1]
['n32_sol231', 22512.0, 2016.0, 1]
['n32_sol232', 22512.0, 2064.0, 1]
['n32_sol233', 22512.0, 2112.0, 1]
['n32_sol234', 22512.0, 2160.0, 1]
['n32_sol294', 22560.0, 2016.0, 1]
['n32_sol295', 22560.0, 2064.0, 1]
['n32_sol296', 22560.0, 2112.0, 1]
['n32_sol297', 22560.0, 2160.0, 1]
['n32_sol357', 22608.0, 2016.0, 1]
['n32_sol358', 22608.0, 2064.0, 1]
['n32_sol359', 22608.0, 2112.0, 1]
['n32_sol360', 22608.0, 2160.0, 1]
['n32_sol420', 22656.0, 2016.0, 1]
['n32_sol421', 22656.0, 2064.0, 1]
['n32_sol422', 22656.0, 2112.0, 1]
['n32_sol423', 22656.0, 2160.0, 1]
['n32_sol486', 22704.0, 2160.0, 1]
['n32_sol485', 22704.0, 2112.0, 1]
['n32_sol484', 22704.0, 2064.0, 1]
['n32_sol483', 22704.0, 2016.0, 1]
['n32_sol546', 22752.0, 2016.0, 1]
['n32_sol548', 22752.0, 2112.0, 1]
['n32_sol547', 22752.0, 2064.0, 1]
['n32_sol549', 22752.0, 2160.0, 1]
['n32_sol612', 22800.0, 2160.0, 1]
['n32_sol611', 22800.0, 2112.0, 1]
['n32_sol610', 22800.0, 2064.0, 1]
['n32_sol609', 22800.0, 2016.0, 1]
['n32_sol672', 22848.0, 2016.0, 1]
['n32_sol673', 22848.0, 2064.0, 1]
['n32_sol674', 22848.0, 2112.0, 1]
['n32_sol675', 22848.0, 2160.0, 1]
['n32_sol738', 22896.0, 2160.0, 1]
['n32_sol737', 22896.0, 2112.0, 1]
['n32_sol736', 22896.0, 2064.0, 1]
['n32_sol735', 22896.0, 2016.0, 1]
['n32_sol798', 22944.0, 2016.0, 1]
['n32_sol861', 22992.0, 2016.0, 1]
['n32_sol924', 23040.0, 2016.0, 1]
['n32_sol925', 23040.0, 2064.0, 1]
['n32_sol862', 22992.0, 2064.0, 1]
['n32_sol799', 22944.0, 2064.0, 1]
['n32_sol800', 22944.0, 2112.0, 1]
['n32_sol863', 22992.0, 2112.0, 1]
['n32_sol926', 23040.0, 2112.0, 1]
['n32_sol927', 23040.0, 2160.0, 1]
['n32_sol864', 22992.0, 2160.0, 1]
['n32_sol801', 22944.0, 2160.0, 1]
['n32_sol928', 23040.0, 2208.0, 1]
['n32_sol865', 22992.0, 2208.0, 1]
['n32_sol802', 22944.0, 2208.0, 1]
['n32_sol739', 22896.0, 2208.0, 1]
['n32_sol676', 22848.0, 2208.0, 1]
['n32_sol613', 22800.0, 2208.0, 1]
['n32_sol550', 22752.0, 2208.0, 1]
['n32_sol424', 22656.0, 2208.0, 1]
['n32_sol487', 22704.0, 2208.0, 1]
['n32_sol298', 22560.0, 2208.0, 1]
['n32_sol361', 22608.0, 2208.0, 1]
['n32_sol235', 22512.0, 2208.0, 1]
['n32_sol172', 22464.0, 2208.0, 1]
['n32_sol46', 22368.0, 2208.0, 1]
['n32_sol109', 22416.0, 2208.0, 1]
['n32_sol47', 22368.0, 2256.0, 1]
['n32_sol110', 22416.0, 2256.0, 1]
['n32_sol173', 22464.0, 2256.0, 1]
['n32_sol236', 22512.0, 2256.0, 1]
['n32_sol362', 22608.0, 2256.0, 1]
['n32_sol299', 22560.0, 2256.0, 1]
['n32_sol425', 22656.0, 2256.0, 1]
['n32_sol488', 22704.0, 2256.0, 1]
['n32_sol551', 22752.0, 2256.0, 1]
['n32_sol614', 22800.0, 2256.0, 1]
['n32_sol677', 22848.0, 2256.0, 1]
['n32_sol740', 22896.0, 2256.0, 1]
['n32_sol803', 22944.0, 2256.0, 1]
['n32_sol866', 22992.0, 2256.0, 1]
['n32_sol929', 23040.0, 2256.0, 1]
['n32_sol48', 22368.0, 2304.0, 1]
['n32_sol111', 22416.0, 2304.0, 1]
['n32_sol174', 22464.0, 2304.0, 1]
['n32_sol237', 22512.0, 2304.0, 1]
['n32_sol300', 22560.0, 2304.0, 1]
['n32_sol363', 22608.0, 2304.0, 1]
['n32_sol426', 22656.0, 2304.0, 1]
['n32_sol489', 22704.0, 2304.0, 1]
['n32_sol552', 22752.0, 2304.0, 1]
['n32_sol615', 22800.0, 2304.0, 1]
['n32_sol678', 22848.0, 2304.0, 1]
['n32_sol741', 22896.0, 2304.0, 1]
['n32_sol804', 22944.0, 2304.0, 1]
['n32_sol867', 22992.0, 2304.0, 1]
['n32_sol930', 23040.0, 2304.0, 1]
['n32_sol931', 23040.0, 2352.0, 1]
['n32_sol868', 22992.0, 2352.0, 1]
['n32_sol805', 22944.0, 2352.0, 1]
['n32_sol742', 22896.0, 2352.0, 1]
['n32_sol679', 22848.0, 2352.0, 1]
['n32_sol616', 22800.0, 2352.0, 1]
['n32_sol490', 22704.0, 2352.0, 1]
['n32_sol553', 22752.0, 2352.0, 1]
['n32_sol364', 22608.0, 2352.0, 1]
['n32_sol427', 22656.0, 2352.0, 1]
['n32_sol301', 22560.0, 2352.0, 1]
['n32_sol49', 22368.0, 2352.0, 1]
['n32_sol112', 22416.0, 2352.0, 1]
['n32_sol175', 22464.0, 2352.0, 1]
['n32_sol238', 22512.0, 2352.0, 1]
['n32_sol50', 22368.0, 2400.0, 1]
['n32_sol113', 22416.0, 2400.0, 1]
['n32_sol176', 22464.0, 2400.0, 1]
['n32_sol239', 22512.0, 2400.0, 1]
['n32_sol302', 22560.0, 2400.0, 1]
['n32_sol365', 22608.0, 2400.0, 1]
['n32_sol428', 22656.0, 2400.0, 1]
['n32_sol491', 22704.0, 2400.0, 1]
['n32_sol554', 22752.0, 2400.0, 1]
['n32_sol617', 22800.0, 2400.0, 1]
['n32_sol680', 22848.0, 2400.0, 1]
['n32_sol743', 22896.0, 2400.0, 1]
['n32_sol806', 22944.0, 2400.0, 1]
['n32_sol932', 23040.0, 2400.0, 1]
['n32_sol869', 22992.0, 2400.0, 1]
['n32_sol51', 22368.0, 2448.0, 1]
['n32_sol114', 22416.0, 2448.0, 1]
['n32_sol177', 22464.0, 2448.0, 1]
['n32_sol240', 22512.0, 2448.0, 1]
['n32_sol366', 22608.0, 2448.0, 1]
['n32_sol303', 22560.0, 2448.0, 1]
['n32_sol429', 22656.0, 2448.0, 1]
['n32_sol555', 22752.0, 2448.0, 1]
['n32_sol492', 22704.0, 2448.0, 1]
['n32_sol618', 22800.0, 2448.0, 1]
['n32_sol681', 22848.0, 2448.0, 1]
['n32_sol744', 22896.0, 2448.0, 1]
['n32_sol556', 22752.0, 2496.0, 1]
['n32_sol619', 22800.0, 2496.0, 1]
['n32_sol682', 22848.0, 2496.0, 1]
['n32_sol745', 22896.0, 2496.0, 1]
['n32_sol620', 22800.0, 2544.0, 1]
['n32_sol683', 22848.0, 2544.0, 1]
['n32_sol746', 22896.0, 2544.0, 1]
['n32_sol621', 22800.0, 2592.0, 1]
['n32_sol684', 22848.0, 2592.0, 1]
['n32_sol747', 22896.0, 2592.0, 1]
['n32_sol810', 22944.0, 2592.0, 1]
['n32_sol809', 22944.0, 2544.0, 1]
['n32_sol808', 22944.0, 2496.0, 1]
['n32_sol807', 22944.0, 2448.0, 1]
['n32_sol933', 23040.0, 2448.0, 1]
['n32_sol996', 23088.0, 2448.0, 1]
['n32_sol1059', 23136.0, 2448.0, 1]
['n32_sol870', 22992.0, 2448.0, 1]
['n32_sol871', 22992.0, 2496.0, 1]
['n32_sol872', 22992.0, 2544.0, 1]
['n32_sol935', 23040.0, 2544.0, 1]
['n32_sol934', 23040.0, 2496.0, 1]
['n32_sol997', 23088.0, 2496.0, 1]
['n32_sol1060', 23136.0, 2496.0, 1]
['n32_sol998', 23088.0, 2544.0, 1]
['n32_sol1061', 23136.0, 2544.0, 1]
['n32_sol1062', 23136.0, 2592.0, 1]
['n32_sol999', 23088.0, 2592.0, 1]
['n32_sol936', 23040.0, 2592.0, 1]
['n32_sol873', 22992.0, 2592.0, 1]
['n32_sol622', 22800.0, 2640.0, 1]
['n32_sol685', 22848.0, 2640.0, 1]
['n32_sol748', 22896.0, 2640.0, 1]
['n32_sol52', 22368.0, 2496.0, 1]
['n32_sol53', 22368.0, 2544.0, 1]
['n32_sol54', 22368.0, 2592.0, 1]
['n32_sol55', 22368.0, 2640.0, 1]
['n32_sol56', 22368.0, 2688.0, 1]
['n32_sol119', 22416.0, 2688.0, 1]
['n32_sol118', 22416.0, 2640.0, 1]
['n32_sol117', 22416.0, 2592.0, 1]
['n32_sol116', 22416.0, 2544.0, 1]
['n32_sol115', 22416.0, 2496.0, 1]
['n32_sol178', 22464.0, 2496.0, 1]
['n32_sol179', 22464.0, 2544.0, 1]
['n32_sol180', 22464.0, 2592.0, 1]
['n32_sol181', 22464.0, 2640.0, 1]
['n32_sol182', 22464.0, 2688.0, 1]
['n32_sol245', 22512.0, 2688.0, 1]
['n32_sol244', 22512.0, 2640.0, 1]
['n32_sol243', 22512.0, 2592.0, 1]
['n32_sol242', 22512.0, 2544.0, 1]
['n32_sol241', 22512.0, 2496.0, 1]
['n32_sol304', 22560.0, 2496.0, 1]
['n32_sol305', 22560.0, 2544.0, 1]
['n32_sol306', 22560.0, 2592.0, 1]
['n32_sol307', 22560.0, 2640.0, 1]
['n32_sol308', 22560.0, 2688.0, 1]
['n32_sol371', 22608.0, 2688.0, 1]
['n32_sol370', 22608.0, 2640.0, 1]
['n32_sol369', 22608.0, 2592.0, 1]
['n32_sol368', 22608.0, 2544.0, 1]
['n32_sol367', 22608.0, 2496.0, 1]
['n32_sol430', 22656.0, 2496.0, 1]
['n32_sol493', 22704.0, 2496.0, 1]
['n32_sol431', 22656.0, 2544.0, 1]
['n32_sol494', 22704.0, 2544.0, 1]
['n32_sol557', 22752.0, 2544.0, 1]
['n32_sol558', 22752.0, 2592.0, 1]
['n32_sol495', 22704.0, 2592.0, 1]
['n32_sol432', 22656.0, 2592.0, 1]
['n32_sol433', 22656.0, 2640.0, 1]
['n32_sol434', 22656.0, 2688.0, 1]
['n32_sol497', 22704.0, 2688.0, 1]
['n32_sol496', 22704.0, 2640.0, 1]
['n32_sol559', 22752.0, 2640.0, 1]
['n32_sol560', 22752.0, 2688.0, 1]
['n32_sol623', 22800.0, 2688.0, 1]
['n32_sol749', 22896.0, 2688.0, 1]
['n32_sol686', 22848.0, 2688.0, 1]
['n32_sol811', 22944.0, 2640.0, 1]
['n32_sol937', 23040.0, 2640.0, 1]
['n32_sol875', 22992.0, 2688.0, 1]
['n32_sol1001', 23088.0, 2688.0, 1]
['n32_sol938', 23040.0, 2688.0, 1]
['n32_sol874', 22992.0, 2640.0, 1]
['n32_sol58', 22368.0, 2784.0, 1]
['n32_sol59', 22368.0, 2832.0, 1]
['n32_sol60', 22368.0, 2880.0, 1]
['n32_sol62', 22368.0, 2976.0, 1]
['n32_sol125', 22416.0, 2976.0, 1]
['n32_sol188', 22464.0, 2976.0, 1]
['n32_sol184', 22464.0, 2784.0, 1]
['n32_sol185', 22464.0, 2832.0, 1]
['n32_sol186', 22464.0, 2880.0, 1]
['n32_sol249', 22512.0, 2880.0, 1]
['n32_sol312', 22560.0, 2880.0, 1]
['n32_sol311', 22560.0, 2832.0, 1]
['n32_sol310', 22560.0, 2784.0, 1]
['n32_sol247', 22512.0, 2784.0, 1]
['n32_sol436', 22656.0, 2784.0, 1]
['n32_sol437', 22656.0, 2832.0, 1]
['n32_sol438', 22656.0, 2880.0, 1]
['n32_sol440', 22656.0, 2976.0, 1]
['n32_sol503', 22704.0, 2976.0, 1]
['n32_sol566', 22752.0, 2976.0, 1]
['n32_sol562', 22752.0, 2784.0, 1]
['n32_sol563', 22752.0, 2832.0, 1]
['n32_sol564', 22752.0, 2880.0, 1]
['n32_sol627', 22800.0, 2880.0, 1]
['n32_sol690', 22848.0, 2880.0, 1]
['n32_sol689', 22848.0, 2832.0, 1]
['n32_sol688', 22848.0, 2784.0, 1]
['n32_sol625', 22800.0, 2784.0, 1]
['n32_sol814', 22944.0, 2784.0, 1]
['n32_sol815', 22944.0, 2832.0, 1]
['n32_sol816', 22944.0, 2880.0, 1]
['n32_sol818', 22944.0, 2976.0, 1]
['n32_sol881', 22992.0, 2976.0, 1]
['n32_sol944', 23040.0, 2976.0, 1]
['n32_sol941', 23040.0, 2832.0, 1]
['n32_sol942', 23040.0, 2880.0, 1]
['n32_sol940', 23040.0, 2784.0, 1]
['n32_sol1003', 23088.0, 2784.0, 1]
['n32_sol1066', 23136.0, 2784.0, 1]
['n32_sol1067', 23136.0, 2832.0, 1]
['n32_sol1068', 23136.0, 2880.0, 1]
['n32_sol1005', 23088.0, 2880.0, 1]
['n32_sol1007', 23088.0, 2976.0, 1]
['n32_sol1070', 23136.0, 2976.0, 1]
['n32_sol1133', 23184.0, 2976.0, 1]
['n32_sol1131', 23184.0, 2880.0, 1]
['n32_sol1130', 23184.0, 2832.0, 1]
['n32_sol1129', 23184.0, 2784.0, 1]
['n32_sol1128', 23184.0, 2736.0, 1]
['n32_sol1319', 23328.0, 2832.0, 1]
['n32_sol1256', 23280.0, 2832.0, 1]
['n32_sol1257', 23280.0, 2880.0, 1]
['n32_sol1321', 23328.0, 2928.0, 1]
['n32_sol1258', 23280.0, 2928.0, 1]
['n32_sol1127', 23184.0, 2688.0, 1]
['n32_sol1126', 23184.0, 2640.0, 1]
['n32_sol1189', 23232.0, 2640.0, 1]
['n32_sol1190', 23232.0, 2688.0, 1]
['n32_sol1191', 23232.0, 2736.0, 1]
['n32_sol1254', 23280.0, 2736.0, 1]
['n32_sol1317', 23328.0, 2736.0, 1]
['n32_sol1316', 23328.0, 2688.0, 1]
['n32_sol1315', 23328.0, 2640.0, 1]
['n32_sol1252', 23280.0, 2640.0, 1]
['n32_sol1313', 23328.0, 2544.0, 1]
['n32_sol1250', 23280.0, 2544.0, 1]
['n32_sol1187', 23232.0, 2544.0, 1]
['n32_sol1186', 23232.0, 2496.0, 1]
['n32_sol1249', 23280.0, 2496.0, 1]
['n32_sol1185', 23232.0, 2448.0, 1]
['n32_sol1248', 23280.0, 2448.0, 1]
['n32_sol1311', 23328.0, 2448.0, 1]
['n32_sol993', 23088.0, 2304.0, 1]
['n32_sol1056', 23136.0, 2304.0, 1]
['n32_sol1119', 23184.0, 2304.0, 1]
['n32_sol994', 23088.0, 2352.0, 1]
['n32_sol1057', 23136.0, 2352.0, 1]
['n32_sol1120', 23184.0, 2352.0, 1]
['n32_sol995', 23088.0, 2400.0, 1]
['n32_sol1058', 23136.0, 2400.0, 1]
['n32_sol1121', 23184.0, 2400.0, 1]
['n32_sol1184', 23232.0, 2400.0, 1]
['n32_sol1182', 23232.0, 2304.0, 1]
['n32_sol1183', 23232.0, 2352.0, 1]
['n32_sol1245', 23280.0, 2304.0, 1]
['n32_sol1246', 23280.0, 2352.0, 1]
['n32_sol1247', 23280.0, 2400.0, 1]
['n32_sol1310', 23328.0, 2400.0, 1]
['n32_sol1309', 23328.0, 2352.0, 1]
['n32_sol1308', 23328.0, 2304.0, 1]
['n32_sol1307', 23328.0, 2256.0, 1]
['n32_sol1244', 23280.0, 2256.0, 1]
['n32_sol1181', 23232.0, 2256.0, 1]
['n32_sol1118', 23184.0, 2256.0, 1]
['n32_sol1055', 23136.0, 2256.0, 1]
['n32_sol992', 23088.0, 2256.0, 1]
['n32_sol987', 23088.0, 2016.0, 1]
['n32_sol988', 23088.0, 2064.0, 1]
['n32_sol989', 23088.0, 2112.0, 1]
['n32_sol990', 23088.0, 2160.0, 1]
['n32_sol991', 23088.0, 2208.0, 1]
['n32_sol1054', 23136.0, 2208.0, 1]
['n32_sol1116', 23184.0, 2160.0, 1]
['n32_sol1052', 23136.0, 2112.0, 1]
['n32_sol1053', 23136.0, 2160.0, 1]
['n32_sol1051', 23136.0, 2064.0, 1]
['n32_sol1050', 23136.0, 2016.0, 1]
['n32_sol1113', 23184.0, 2016.0, 1]
['n32_sol1114', 23184.0, 2064.0, 1]
['n32_sol1115', 23184.0, 2112.0, 1]
['n32_sol1117', 23184.0, 2208.0, 1]
['n32_sol1243', 23280.0, 2208.0, 1]
['n32_sol1180', 23232.0, 2208.0, 1]
['n32_sol1179', 23232.0, 2160.0, 1]
['n32_sol1178', 23232.0, 2112.0, 1]
['n32_sol1177', 23232.0, 2064.0, 1]
['n32_sol1176', 23232.0, 2016.0, 1]
['n32_sol1239', 23280.0, 2016.0, 1]
['n32_sol1241', 23280.0, 2112.0, 1]
['n32_sol1242', 23280.0, 2160.0, 1]
['n32_sol1240', 23280.0, 2064.0, 1]
['n32_sol1302', 23328.0, 2016.0, 1]
['n32_sol1303', 23328.0, 2064.0, 1]
['n32_sol1304', 23328.0, 2112.0, 1]
['n32_sol1305', 23328.0, 2160.0, 1]
['n32_sol1306', 23328.0, 2208.0, 1]
['n33_sol894', 24240.0, 1440.0, 1]
['n33_sol942', 24288.0, 1440.0, 1]
['n33_sol990', 24336.0, 1440.0, 1]
['n33_sol895', 24240.0, 1488.0, 1]
['n33_sol943', 24288.0, 1488.0, 1]
['n33_sol991', 24336.0, 1488.0, 1]
['n33_sol992', 24336.0, 1536.0, 1]
['n33_sol944', 24288.0, 1536.0, 1]
['n33_sol896', 24240.0, 1536.0, 1]
['n33_sol900', 24240.0, 1728.0, 1]
['n33_sol948', 24288.0, 1728.0, 1]
['n33_sol996', 24336.0, 1728.0, 1]
['n33_sol901', 24240.0, 1776.0, 1]
['n33_sol949', 24288.0, 1776.0, 1]
['n33_sol997', 24336.0, 1776.0, 1]
['n33_sol902', 24240.0, 1824.0, 1]
['n33_sol950', 24288.0, 1824.0, 1]
['n33_sol998', 24336.0, 1824.0, 1]
['n33_sol904', 24240.0, 1920.0, 1]
['n33_sol952', 24288.0, 1920.0, 1]
['n33_sol1000', 24336.0, 1920.0, 1]
['n33_sol905', 24240.0, 1968.0, 1]
['n33_sol953', 24288.0, 1968.0, 1]
['n33_sol1001', 24336.0, 1968.0, 1]
['n33_sol906', 24240.0, 2016.0, 1]
['n33_sol954', 24288.0, 2016.0, 1]
['n33_sol1002', 24336.0, 2016.0, 1]
['n33_sol908', 24240.0, 2112.0, 1]
['n33_sol909', 24240.0, 2160.0, 1]
['n33_sol910', 24240.0, 2208.0, 1]
['n33_sol958', 24288.0, 2208.0, 1]
['n33_sol1006', 24336.0, 2208.0, 1]
['n33_sol1005', 24336.0, 2160.0, 1]
['n33_sol957', 24288.0, 2160.0, 1]
['n33_sol956', 24288.0, 2112.0, 1]
['n33_sol1004', 24336.0, 2112.0, 1]
['n33_sol765', 24096.0, 2160.0, 1]
['n33_sol813', 24144.0, 2160.0, 1]
['n33_sol861', 24192.0, 2160.0, 1]
['n33_sol766', 24096.0, 2208.0, 1]
['n33_sol814', 24144.0, 2208.0, 1]
['n33_sol862', 24192.0, 2208.0, 1]
['n33_sol767', 24096.0, 2256.0, 1]
['n33_sol815', 24144.0, 2256.0, 1]
['n33_sol863', 24192.0, 2256.0, 1]
['n33_sol762', 24096.0, 2016.0, 1]
['n33_sol810', 24144.0, 2016.0, 1]
['n33_sol858', 24192.0, 2016.0, 1]
['n33_sol763', 24096.0, 2064.0, 1]
['n33_sol811', 24144.0, 2064.0, 1]
['n33_sol859', 24192.0, 2064.0, 1]
['n33_sol764', 24096.0, 2112.0, 1]
['n33_sol812', 24144.0, 2112.0, 1]
['n33_sol860', 24192.0, 2112.0, 1]
['n33_sol759', 24096.0, 1872.0, 1]
['n33_sol807', 24144.0, 1872.0, 1]
['n33_sol855', 24192.0, 1872.0, 1]
['n33_sol856', 24192.0, 1920.0, 1]
['n33_sol808', 24144.0, 1920.0, 1]
['n33_sol760', 24096.0, 1920.0, 1]
['n33_sol761', 24096.0, 1968.0, 1]
['n33_sol809', 24144.0, 1968.0, 1]
['n33_sol857', 24192.0, 1968.0, 1]
['n33_sol463', 23808.0, 1488.0, 1]
['n33_sol511', 23856.0, 1488.0, 1]
['n33_sol559', 23904.0, 1488.0, 1]
['n33_sol464', 23808.0, 1536.0, 1]
['n33_sol512', 23856.0, 1536.0, 1]
['n33_sol560', 23904.0, 1536.0, 1]
['n33_sol465', 23808.0, 1584.0, 1]
['n33_sol513', 23856.0, 1584.0, 1]
['n33_sol561', 23904.0, 1584.0, 1]
['n33_sol466', 23808.0, 1632.0, 1]
['n33_sol514', 23856.0, 1632.0, 1]
['n33_sol562', 23904.0, 1632.0, 1]
['n33_sol467', 23808.0, 1680.0, 1]
['n33_sol515', 23856.0, 1680.0, 1]
['n33_sol563', 23904.0, 1680.0, 1]
['n33_sol468', 23808.0, 1728.0, 1]
['n33_sol516', 23856.0, 1728.0, 1]
['n33_sol564', 23904.0, 1728.0, 1]
['n33_sol469', 23808.0, 1776.0, 1]
['n33_sol517', 23856.0, 1776.0, 1]
['n33_sol565', 23904.0, 1776.0, 1]
['n33_sol470', 23808.0, 1824.0, 1]
['n33_sol518', 23856.0, 1824.0, 1]
['n33_sol566', 23904.0, 1824.0, 1]
['n33_sol567', 23904.0, 1872.0, 1]
['n33_sol519', 23856.0, 1872.0, 1]
['n33_sol471', 23808.0, 1872.0, 1]
['n33_sol472', 23808.0, 1920.0, 1]
['n33_sol520', 23856.0, 1920.0, 1]
['n33_sol568', 23904.0, 1920.0, 1]
['n33_sol473', 23808.0, 1968.0, 1]
['n33_sol521', 23856.0, 1968.0, 1]
['n33_sol569', 23904.0, 1968.0, 1]
['n33_sol756', 24096.0, 1728.0, 1]
['n33_sol757', 24096.0, 1776.0, 1]
['n33_sol758', 24096.0, 1824.0, 1]
['n33_sol854', 24192.0, 1824.0, 1]
['n33_sol806', 24144.0, 1824.0, 1]
['n33_sol805', 24144.0, 1776.0, 1]
['n33_sol853', 24192.0, 1776.0, 1]
['n33_sol852', 24192.0, 1728.0, 1]
['n33_sol804', 24144.0, 1728.0, 1]
['n33_sol754', 24096.0, 1632.0, 1]
['n33_sol753', 24096.0, 1584.0, 1]
['n33_sol755', 24096.0, 1680.0, 1]
['n33_sol803', 24144.0, 1680.0, 1]
['n33_sol851', 24192.0, 1680.0, 1]
['n33_sol850', 24192.0, 1632.0, 1]
['n33_sol802', 24144.0, 1632.0, 1]
['n33_sol801', 24144.0, 1584.0, 1]
['n33_sol848', 24192.0, 1536.0, 1]
['n33_sol849', 24192.0, 1584.0, 1]
['n33_sol752', 24096.0, 1536.0, 1]
['n33_sol800', 24144.0, 1536.0, 1]
['n33_sol747', 24096.0, 1296.0, 1]
['n33_sol795', 24144.0, 1296.0, 1]
['n33_sol843', 24192.0, 1296.0, 1]
['n33_sol796', 24144.0, 1344.0, 1]
['n33_sol748', 24096.0, 1344.0, 1]
['n33_sol844', 24192.0, 1344.0, 1]
['n33_sol845', 24192.0, 1392.0, 1]
['n33_sol797', 24144.0, 1392.0, 1]
['n33_sol749', 24096.0, 1392.0, 1]
['n33_sol750', 24096.0, 1440.0, 1]
['n33_sol798', 24144.0, 1440.0, 1]
['n33_sol846', 24192.0, 1440.0, 1]
['n33_sol847', 24192.0, 1488.0, 1]
['n33_sol751', 24096.0, 1488.0, 1]
['n33_sol799', 24144.0, 1488.0, 1]
['n33_sol744', 24096.0, 1152.0, 1]
['n33_sol745', 24096.0, 1200.0, 1]
['n33_sol746', 24096.0, 1248.0, 1]
['n33_sol794', 24144.0, 1248.0, 1]
['n33_sol842', 24192.0, 1248.0, 1]
['n33_sol841', 24192.0, 1200.0, 1]
['n33_sol793', 24144.0, 1200.0, 1]
['n33_sol792', 24144.0, 1152.0, 1]
['n33_sol840', 24192.0, 1152.0, 1]
['n33_sol839', 24192.0, 1104.0, 1]
['n33_sol791', 24144.0, 1104.0, 1]
['n33_sol743', 24096.0, 1104.0, 1]
['n33_sol790', 24144.0, 1056.0, 1]
['n33_sol838', 24192.0, 1056.0, 1]
['n33_sol742', 24096.0, 1056.0, 1]
['n33_sol741', 24096.0, 1008.0, 1]
['n33_sol789', 24144.0, 1008.0, 1]
['n33_sol837', 24192.0, 1008.0, 1]
['n33_sol885', 24240.0, 1008.0, 1]
['n33_sol933', 24288.0, 1008.0, 1]
['n33_sol981', 24336.0, 1008.0, 1]
['n33_sol886', 24240.0, 1056.0, 1]
['n33_sol887', 24240.0, 1104.0, 1]
['n33_sol935', 24288.0, 1104.0, 1]
['n33_sol983', 24336.0, 1104.0, 1]
['n33_sol982', 24336.0, 1056.0, 1]
['n33_sol934', 24288.0, 1056.0, 1]
['n33_sol456', 23808.0, 1152.0, 1]
['n33_sol504', 23856.0, 1152.0, 1]
['n33_sol552', 23904.0, 1152.0, 1]
['n33_sol457', 23808.0, 1200.0, 1]
['n33_sol505', 23856.0, 1200.0, 1]
['n33_sol553', 23904.0, 1200.0, 1]
['n33_sol458', 23808.0, 1248.0, 1]
['n33_sol506', 23856.0, 1248.0, 1]
['n33_sol554', 23904.0, 1248.0, 1]
['n33_sol459', 23808.0, 1296.0, 1]
['n33_sol507', 23856.0, 1296.0, 1]
['n33_sol555', 23904.0, 1296.0, 1]
['n33_sol460', 23808.0, 1344.0, 1]
['n33_sol508', 23856.0, 1344.0, 1]
['n33_sol556', 23904.0, 1344.0, 1]
['n33_sol461', 23808.0, 1392.0, 1]
['n33_sol509', 23856.0, 1392.0, 1]
['n33_sol557', 23904.0, 1392.0, 1]
['n33_sol462', 23808.0, 1440.0, 1]
['n33_sol510', 23856.0, 1440.0, 1]
['n33_sol558', 23904.0, 1440.0, 1]
['n33_sol594', 23952.0, 864.0, 1]
['n33_sol642', 24000.0, 864.0, 1]
['n33_sol690', 24048.0, 864.0, 1]
['n33_sol643', 24000.0, 912.0, 1]
['n33_sol595', 23952.0, 912.0, 1]
['n33_sol691', 24048.0, 912.0, 1]
['n33_sol692', 24048.0, 960.0, 1]
['n33_sol644', 24000.0, 960.0, 1]
['n33_sol596', 23952.0, 960.0, 1]
['n33_sol882', 24240.0, 864.0, 1]
['n33_sol883', 24240.0, 912.0, 1]
['n33_sol884', 24240.0, 960.0, 1]
['n33_sol932', 24288.0, 960.0, 1]
['n33_sol931', 24288.0, 912.0, 1]
['n33_sol930', 24288.0, 864.0, 1]
['n33_sol978', 24336.0, 864.0, 1]
['n33_sol979', 24336.0, 912.0, 1]
['n33_sol980', 24336.0, 960.0, 1]
['n33_sol591', 23952.0, 720.0, 1]
['n33_sol592', 23952.0, 768.0, 1]
['n33_sol593', 23952.0, 816.0, 1]
['n33_sol641', 24000.0, 816.0, 1]
['n33_sol640', 24000.0, 768.0, 1]
['n33_sol639', 24000.0, 720.0, 1]
['n33_sol687', 24048.0, 720.0, 1]
['n33_sol688', 24048.0, 768.0, 1]
['n33_sol689', 24048.0, 816.0, 1]
['n33_sol737', 24096.0, 816.0, 1]
['n33_sol736', 24096.0, 768.0, 1]
['n33_sol735', 24096.0, 720.0, 1]
['n33_sol783', 24144.0, 720.0, 1]
['n33_sol831', 24192.0, 720.0, 1]
['n33_sol784', 24144.0, 768.0, 1]
['n33_sol832', 24192.0, 768.0, 1]
['n33_sol833', 24192.0, 816.0, 1]
['n33_sol785', 24144.0, 816.0, 1]
['n33_sol729', 24096.0, 432.0, 1]
['n33_sol730', 24096.0, 480.0, 1]
['n33_sol731', 24096.0, 528.0, 1]
['n33_sol779', 24144.0, 528.0, 1]
['n33_sol588', 23952.0, 576.0, 1]
['n33_sol684', 24048.0, 576.0, 1]
['n33_sol636', 24000.0, 576.0, 1]
['n33_sol589', 23952.0, 624.0, 1]
['n33_sol590', 23952.0, 672.0, 1]
['n33_sol638', 24000.0, 672.0, 1]
['n33_sol685', 24048.0, 624.0, 1]
['n33_sol637', 24000.0, 624.0, 1]
['n33_sol686', 24048.0, 672.0, 1]
['n33_sol585', 23952.0, 432.0, 1]
['n33_sol586', 23952.0, 480.0, 1]
['n33_sol635', 24000.0, 528.0, 1]
['n33_sol587', 23952.0, 528.0, 1]
['n33_sol634', 24000.0, 480.0, 1]
['n33_sol633', 24000.0, 432.0, 1]
['n33_sol681', 24048.0, 432.0, 1]
['n33_sol682', 24048.0, 480.0, 1]
['n33_sol683', 24048.0, 528.0, 1]
['n33_sol778', 24144.0, 480.0, 1]
['n33_sol777', 24144.0, 432.0, 1]
['n33_sol825', 24192.0, 432.0, 1]
['n33_sol827', 24192.0, 528.0, 1]
['n33_sol826', 24192.0, 480.0, 1]
['n33_sol873', 24240.0, 432.0, 1]
['n33_sol969', 24336.0, 432.0, 1]
['n33_sol970', 24336.0, 480.0, 1]
['n33_sol921', 24288.0, 432.0, 1]
['n33_sol874', 24240.0, 480.0, 1]
['n33_sol922', 24288.0, 480.0, 1]
['n33_sol875', 24240.0, 528.0, 1]
['n33_sol923', 24288.0, 528.0, 1]
['n33_sol971', 24336.0, 528.0, 1]
['n33_sol876', 24240.0, 576.0, 1]
['n33_sol924', 24288.0, 576.0, 1]
['n33_sol972', 24336.0, 576.0, 1]
['n33_sol877', 24240.0, 624.0, 1]
['n33_sol925', 24288.0, 624.0, 1]
['n33_sol973', 24336.0, 624.0, 1]
['n33_sol878', 24240.0, 672.0, 1]
['n33_sol926', 24288.0, 672.0, 1]
['n33_sol974', 24336.0, 672.0, 1]
['n33_sol579', 23952.0, 144.0, 1]
['n33_sol580', 23952.0, 192.0, 1]
['n33_sol581', 23952.0, 240.0, 1]
['n33_sol582', 23952.0, 288.0, 1]
['n33_sol583', 23952.0, 336.0, 1]
['n33_sol631', 24000.0, 336.0, 1]
['n33_sol630', 24000.0, 288.0, 1]
['n33_sol632', 24000.0, 384.0, 1]
['n33_sol680', 24048.0, 384.0, 1]
['n33_sol678', 24048.0, 288.0, 1]
['n33_sol679', 24048.0, 336.0, 1]
['n33_sol629', 24000.0, 240.0, 1]
['n33_sol677', 24048.0, 240.0, 1]
['n33_sol676', 24048.0, 192.0, 1]
['n33_sol628', 24000.0, 192.0, 1]
['n33_sol627', 24000.0, 144.0, 1]
['n33_sol675', 24048.0, 144.0, 1]
['n33_sol674', 24048.0, 96.0, 1]
['n33_sol578', 23952.0, 96.0, 1]
['n33_sol626', 24000.0, 96.0, 1]
['n33_sol728', 24096.0, 384.0, 1]
['n33_sol727', 24096.0, 336.0, 1]
['n33_sol576', 23952.0, 0.0, 1]
['n33_sol577', 23952.0, 48.0, 1]
['n33_sol624', 24000.0, 0.0, 1]
['n33_sol625', 24000.0, 48.0, 1]
['n33_sol672', 24048.0, 0.0, 1]
['n33_sol673', 24048.0, 48.0, 1]
['n33_sol720', 24096.0, 0.0, 1]
['n33_sol721', 24096.0, 48.0, 1]
['n33_sol722', 24096.0, 96.0, 1]
['n33_sol723', 24096.0, 144.0, 1]
['n33_sol724', 24096.0, 192.0, 1]
['n33_sol725', 24096.0, 240.0, 1]
['n33_sol726', 24096.0, 288.0, 1]
['n33_sol774', 24144.0, 288.0, 1]
['n33_sol775', 24144.0, 336.0, 1]
['n33_sol776', 24144.0, 384.0, 1]
['n33_sol824', 24192.0, 384.0, 1]
['n33_sol823', 24192.0, 336.0, 1]
['n33_sol822', 24192.0, 288.0, 1]
['n33_sol773', 24144.0, 240.0, 1]
['n33_sol821', 24192.0, 240.0, 1]
['n33_sol772', 24144.0, 192.0, 1]
['n33_sol820', 24192.0, 192.0, 1]
['n33_sol819', 24192.0, 144.0, 1]
['n33_sol771', 24144.0, 144.0, 1]
['n33_sol770', 24144.0, 96.0, 1]
['n33_sol818', 24192.0, 96.0, 1]
['n33_sol817', 24192.0, 48.0, 1]
['n33_sol769', 24144.0, 48.0, 1]
['n33_sol768', 24144.0, 0.0, 1]
['n33_sol816', 24192.0, 0.0, 1]
['n33_sol864', 24240.0, 0.0, 1]
['n33_sol912', 24288.0, 0.0, 1]
['n33_sol960', 24336.0, 0.0, 1]
['n33_sol865', 24240.0, 48.0, 1]
['n33_sol913', 24288.0, 48.0, 1]
['n33_sol961', 24336.0, 48.0, 1]
['n33_sol962', 24336.0, 96.0, 1]
['n33_sol914', 24288.0, 96.0, 1]
['n33_sol866', 24240.0, 96.0, 1]
['n33_sol867', 24240.0, 144.0, 1]
['n33_sol915', 24288.0, 144.0, 1]
['n33_sol963', 24336.0, 144.0, 1]
['n33_sol916', 24288.0, 192.0, 1]
['n33_sol964', 24336.0, 192.0, 1]
['n33_sol868', 24240.0, 192.0, 1]
['n33_sol869', 24240.0, 240.0, 1]
['n33_sol917', 24288.0, 240.0, 1]
['n33_sol965', 24336.0, 240.0, 1]
['n33_sol966', 24336.0, 288.0, 1]
['n33_sol918', 24288.0, 288.0, 1]
['n33_sol870', 24240.0, 288.0, 1]
['n33_sol871', 24240.0, 336.0, 1]
['n33_sol919', 24288.0, 336.0, 1]
['n33_sol967', 24336.0, 336.0, 1]
['n33_sol968', 24336.0, 384.0, 1]
['n33_sol920', 24288.0, 384.0, 1]
['n33_sol872', 24240.0, 384.0, 1]
['n33_sol168', 23520.0, 1152.0, 1]
['n33_sol216', 23568.0, 1152.0, 1]
['n33_sol264', 23616.0, 1152.0, 1]
['n33_sol169', 23520.0, 1200.0, 1]
['n33_sol217', 23568.0, 1200.0, 1]
['n33_sol265', 23616.0, 1200.0, 1]
['n33_sol170', 23520.0, 1248.0, 1]
['n33_sol218', 23568.0, 1248.0, 1]
['n33_sol266', 23616.0, 1248.0, 1]
['n33_sol171', 23520.0, 1296.0, 1]
['n33_sol219', 23568.0, 1296.0, 1]
['n33_sol267', 23616.0, 1296.0, 1]
['n33_sol172', 23520.0, 1344.0, 1]
['n33_sol220', 23568.0, 1344.0, 1]
['n33_sol268', 23616.0, 1344.0, 1]
['n33_sol173', 23520.0, 1392.0, 1]
['n33_sol221', 23568.0, 1392.0, 1]
['n33_sol269', 23616.0, 1392.0, 1]
['n33_sol174', 23520.0, 1440.0, 1]
['n33_sol222', 23568.0, 1440.0, 1]
['n33_sol270', 23616.0, 1440.0, 1]
['n33_sol175', 23520.0, 1488.0, 1]
['n33_sol223', 23568.0, 1488.0, 1]
['n33_sol271', 23616.0, 1488.0, 1]
['n33_sol176', 23520.0, 1536.0, 1]
['n33_sol224', 23568.0, 1536.0, 1]
['n33_sol272', 23616.0, 1536.0, 1]
['n33_sol273', 23616.0, 1584.0, 1]
['n33_sol225', 23568.0, 1584.0, 1]
['n33_sol177', 23520.0, 1584.0, 1]
['n33_sol178', 23520.0, 1632.0, 1]
['n33_sol226', 23568.0, 1632.0, 1]
['n33_sol274', 23616.0, 1632.0, 1]
['n33_sol275', 23616.0, 1680.0, 1]
['n33_sol227', 23568.0, 1680.0, 1]
['n33_sol179', 23520.0, 1680.0, 1]
['n33_sol180', 23520.0, 1728.0, 1]
['n33_sol228', 23568.0, 1728.0, 1]
['n33_sol276', 23616.0, 1728.0, 1]
['n33_sol181', 23520.0, 1776.0, 1]
['n33_sol229', 23568.0, 1776.0, 1]
['n33_sol277', 23616.0, 1776.0, 1]
['n33_sol182', 23520.0, 1824.0, 1]
['n33_sol230', 23568.0, 1824.0, 1]
['n33_sol278', 23616.0, 1824.0, 1]
['n33_sol183', 23520.0, 1872.0, 1]
['n33_sol231', 23568.0, 1872.0, 1]
['n33_sol279', 23616.0, 1872.0, 1]
['n33_sol280', 23616.0, 1920.0, 1]
['n33_sol232', 23568.0, 1920.0, 1]
['n33_sol184', 23520.0, 1920.0, 1]
['n33_sol185', 23520.0, 1968.0, 1]
['n33_sol233', 23568.0, 1968.0, 1]
['n33_sol281', 23616.0, 1968.0, 1]
['n33_sol186', 23520.0, 2016.0, 1]
['n33_sol234', 23568.0, 2016.0, 1]
['n33_sol282', 23616.0, 2016.0, 1]
['n33_sol283', 23616.0, 2064.0, 1]
['n33_sol235', 23568.0, 2064.0, 1]
['n33_sol187', 23520.0, 2064.0, 1]
['n33_sol188', 23520.0, 2112.0, 1]
['n33_sol236', 23568.0, 2112.0, 1]
['n33_sol284', 23616.0, 2112.0, 1]
['n33_sol285', 23616.0, 2160.0, 1]
['n33_sol237', 23568.0, 2160.0, 1]
['n33_sol189', 23520.0, 2160.0, 1]
['n33_sol190', 23520.0, 2208.0, 1]
['n33_sol238', 23568.0, 2208.0, 1]
['n33_sol286', 23616.0, 2208.0, 1]
['n33_sol287', 23616.0, 2256.0, 1]
['n33_sol239', 23568.0, 2256.0, 1]
['n33_sol191', 23520.0, 2256.0, 1]
['n33_sol474', 23808.0, 2016.0, 1]
['n33_sol475', 23808.0, 2064.0, 1]
['n33_sol476', 23808.0, 2112.0, 1]
['n33_sol477', 23808.0, 2160.0, 1]
['n33_sol478', 23808.0, 2208.0, 1]
['n33_sol479', 23808.0, 2256.0, 1]
['n33_sol527', 23856.0, 2256.0, 1]
['n33_sol575', 23904.0, 2256.0, 1]
['n33_sol574', 23904.0, 2208.0, 1]
['n33_sol526', 23856.0, 2208.0, 1]
['n33_sol525', 23856.0, 2160.0, 1]
['n33_sol573', 23904.0, 2160.0, 1]
['n33_sol572', 23904.0, 2112.0, 1]
['n33_sol524', 23856.0, 2112.0, 1]
['n33_sol523', 23856.0, 2064.0, 1]
['n33_sol571', 23904.0, 2064.0, 1]
['n33_sol570', 23904.0, 2016.0, 1]
['n33_sol522', 23856.0, 2016.0, 1]
